1.069867704063653946e-02
7.848043926060199738e-03
-9.982757270336151123e-03
1.932711899280548096e-02
2.403042651712894440e-02
7.167153991758823395e-03
2.823457308113574982e-02
-3.317713364958763123e-02
1.745973341166973114e-02
7.572529371827840805e-03
3.284791111946105957e-02
3.127863456029444933e-04
4.475742951035499573e-02
4.831038415431976318e-02
-2.011891454458236694e-02
1.112071610987186432e-02
1.812868751585483551e-02
2.812809683382511139e-02
6.076580286026000977e-02
-1.514458749443292618e-02
5.253604147583246231e-03
7.135111838579177856e-03
