3.802057355642318726e-03
-1.806777901947498322e-02
5.341473966836929321e-02
4.175572190433740616e-03
3.320578252896666527e-03
-3.463320434093475342e-02
-1.279552653431892395e-02
2.134897373616695404e-02
1.739662513136863708e-02
1.832993887364864349e-02
-3.288980945944786072e-02
-2.666675113141536713e-02
1.193235535174608231e-02
-7.416212465614080429e-03
-3.116622753441333771e-02
-2.434666641056537628e-02
6.202667485922574997e-03
2.419815398752689362e-02
-3.336200863122940063e-02
1.274327281862497330e-02
2.086957730352878571e-02
2.584346011281013489e-02
-2.548644877970218658e-02
3.394245356321334839e-02
-4.952551331371068954e-03
3.253908082842826843e-02
3.806423395872116089e-02
-2.579473517835140228e-02
2.722024358808994293e-02
-3.637653961777687073e-02
-7.231648196466267109e-04
-3.623425588011741638e-02
-4.316346719861030579e-02
1.977700740098953247e-02
3.540768846869468689e-02
2.056244760751724243e-02
-3.986503928899765015e-02
-1.685943268239498138e-02
9.217883460223674774e-03
7.759318221360445023e-03
3.425527364015579224e-02
8.422774262726306915e-03
-1.388284377753734589e-02
2.055760007351636887e-03
-3.051158972084522247e-02
2.668068930506706238e-02
6.950040347874164581e-03
1.177466940134763718e-02
1.630428247153759003e-02
-1.350736152380704880e-02
1.540732011198997498e-02
-3.711159899830818176e-02
-2.849195711314678192e-02
-3.533419221639633179e-02
1.271745283156633377e-02
2.645388990640640259e-02
-2.095259912312030792e-02
-4.258643090724945068e-02
3.663853555917739868e-02
-3.407519683241844177e-02
-4.582876712083816528e-02
-1.979852281510829926e-02
3.313886746764183044e-02
-1.373955607414245605e-02
-2.188237383961677551e-02
1.668548583984375000e-02
-2.484707161784172058e-02
1.115007698535919189e-02
-2.727384865283966064e-02
3.871772496495395899e-04
-2.456018514931201935e-02
6.814102642238140106e-03
-1.393654849380254745e-02
-2.343315817415714264e-02
1.812053285539150238e-02
-2.459999918937683105e-02
4.727954789996147156e-02
-3.203966096043586731e-02
-2.687319647520780563e-03
2.962998300790786743e-02
2.671499736607074738e-02
-1.565722934901714325e-02
-2.191279083490371704e-02
4.086962714791297913e-02
1.145599037408828735e-02
-3.002163767814636230e-02
1.926946640014648438e-02
5.664327368140220642e-02
-2.463479340076446533e-02
-2.131496183574199677e-02
3.146368544548749924e-03
-8.992946706712245941e-03
1.998200081288814545e-02
-2.741643041372299194e-02
2.455755323171615601e-02
8.505446836352348328e-03
1.391514483839273453e-02
-2.660037018358707428e-02
-2.949561551213264465e-02
