-1.603588908910751343e-01
-9.409774839878082275e-02
-1.177598461508750916e-01
-5.043214187026023865e-02
2.118515409529209137e-02
-5.376239120960235596e-02
3.726902604103088379e-02
1.014454104006290436e-02
1.273531466722488403e-01
5.165288597345352173e-02
-1.692610979080200195e-01
5.262610316276550293e-02
-1.655847728252410889e-01
1.109957918524742126e-01
1.907975040376186371e-02
-1.316454857587814331e-01
9.557568281888961792e-02
5.645971745252609253e-02
-5.324533209204673767e-02
1.223396509885787964e-01
-4.665076732635498047e-02
-1.238025873899459839e-01
-1.065162196755409241e-01
-1.830637156963348389e-01
-2.574619650840759277e-02
1.794869601726531982e-01
8.930875919759273529e-03
5.354049429297447205e-02
-1.871518045663833618e-01
-8.735948801040649414e-02
-1.855137348175048828e-01
-2.227095365524291992e-01
-1.079449057579040527e-01
-1.102187708020210266e-01
4.180304706096649170e-02
-1.020215302705764771e-01
1.238607168197631836e-01
-8.215302228927612305e-02
-3.555169701576232910e-02
2.169359661638736725e-02
-2.827802672982215881e-02
-1.405738145112991333e-01
1.337052788585424423e-02
-1.103600636124610901e-01
1.437623519450426102e-02
-1.165730282664299011e-01
1.564831286668777466e-01
6.777071207761764526e-02
6.549588590860366821e-02
-1.792486011981964111e-01
-9.220515936613082886e-02
6.601528078317642212e-02
-1.623344272375106812e-01
1.113759279251098633e-01
-1.068056076765060425e-01
8.766540884971618652e-02
1.181592717766761780e-01
-1.084739342331886292e-01
9.554330259561538696e-02
-1.048604622483253479e-01
8.273524045944213867e-02
-1.744353622198104858e-01
-7.620108127593994141e-02
-1.425682101398706436e-02
3.775311261415481567e-02
-1.013121008872985840e-01
-8.387181907892227173e-02
-1.234543547034263611e-01
-9.853055328130722046e-02
-1.814261227846145630e-01
3.750331327319145203e-02
-2.144505456089973450e-02
3.842688351869583130e-02
-1.310823559761047363e-01
1.306277047842741013e-02
-1.960808038711547852e-01
1.713242679834365845e-01
4.921603947877883911e-02
3.573032841086387634e-02
4.076349362730979919e-02
6.238115951418876648e-02
6.574398279190063477e-02
-4.156523570418357849e-02
1.629418507218360901e-02
3.515452891588211060e-02
3.624853212386369705e-03
-1.090180575847625732e-01
2.652320265769958496e-02
3.414523601531982422e-02
2.035113610327243805e-02
4.241718724370002747e-02
3.705849125981330872e-02
-2.222009450197219849e-01
1.844024509191513062e-01
-1.404283642768859863e-01
-8.515124768018722534e-02
-1.664699912071228027e-01
-1.228956133127212524e-01
6.122918799519538879e-02
-1.886839270591735840e-01
-4.291811585426330566e-02
-1.645310223102569580e-01
3.215007483959197998e-02
6.382286548614501953e-02
1.813362352550029755e-02
-9.730622917413711548e-02
-9.080899506807327271e-02
-1.126209571957588196e-01
-1.165693812072277069e-02
-1.159164085984230042e-01
5.874987319111824036e-02
-5.874667689204216003e-02
2.252889610826969147e-02
-1.243548840284347534e-01
-1.063179597258567810e-01
-1.800695061683654785e-01
1.793270814232528210e-03
-5.998332798480987549e-02
6.155239418148994446e-02
4.508571699261665344e-02
-1.026734560728073120e-01
5.199865996837615967e-02
1.431529968976974487e-01
-9.511684998869895935e-03
-6.015860661864280701e-02
7.502123713493347168e-02
1.233321651816368103e-01
1.085733994841575623e-02
1.834317296743392944e-02
-9.466640651226043701e-02
1.133930534124374390e-01
-1.827292889356613159e-01
-5.380921438336372375e-02
1.878871396183967590e-02
3.021647222340106964e-02
1.644999161362648010e-02
-6.196058541536331177e-02
-9.508917480707168579e-02
7.804851233959197998e-02
-1.948321908712387085e-01
-1.138607189059257507e-01
7.110887765884399414e-02
-1.963493600487709045e-02
-1.292695403099060059e-01
-1.172564551234245300e-01
-1.900172382593154907e-01
-9.922940284013748169e-02
-1.707092821598052979e-01
2.621278539299964905e-02
-1.493555307388305664e-01
1.025706306099891663e-01
