-1.383579988032579422e-02
8.196724578738212585e-03
-3.057179972529411316e-03
-1.076540444046258926e-03
1.113227847963571548e-02
1.005309168249368668e-02
9.682406671345233917e-03
7.116650696843862534e-03
2.091132290661334991e-02
2.492900006473064423e-03
2.829834586009383202e-03
2.766318386420607567e-03
-1.255040755495429039e-03
3.856461122632026672e-02
-3.400607965886592865e-06
-1.413309480994939804e-02
1.031009852886199951e-02
1.051032729446887970e-02
-1.587997935712337494e-02
6.634004414081573486e-02
-4.045345820486545563e-03
-3.021344775334000587e-03
