0.000000000000000000e+00
2.444750259472169970e-04
4.839709005488801127e-04
6.589443514093179435e-04
8.355041307389091077e-04
1.158192301828468197e-03
1.476495273599918957e-03
1.771307053561547518e-03
2.065885898627041212e-03
2.382539131426387492e-03
2.674730605320989676e-03
2.957448524530804316e-03
3.219921227382429446e-03
3.572849351737232559e-03
3.863261579336211594e-03
4.184564429194318098e-03
4.511354515812767037e-03
4.612447747471573774e-03
4.746766507563704093e-03
4.918531128640863011e-03
5.079901080914331173e-03
5.275417333398224086e-03
5.455255440616130387e-03
5.641332777209111943e-03
5.824690765541042439e-03
6.034092031426410534e-03
6.224685334558561177e-03
6.447098073082990245e-03
6.604223466100856040e-03
6.831949198476053656e-03
7.055913146085794965e-03
7.227106926205074944e-03
7.416337049316707244e-03
7.574743652349081105e-03
7.633004206081199505e-03
7.770327552289968583e-03
7.869298283364559513e-03
8.097104451954131171e-03
6.364483114537237106e-03
4.588592738373580004e-03
3.528676567976075148e-03
2.603773672522134101e-03
2.007578191746154858e-03
1.480265925518268501e-03
1.144114939694597637e-03
8.534465660625523012e-04
6.575194889590904113e-04
4.821803713312824763e-04
3.664277096482567776e-04
2.624400742759153485e-04
1.938455220711139584e-04
1.317274221439790555e-04
9.106570278847891150e-05
5.382431411175923869e-05
3.094960373205149165e-05
9.820473877497881135e-06
0.000000000000000000e+00
0.000000000000000000e+00
1.569327346522419618e-03
1.518832098717024263e-03
1.478403110059149823e-03
1.451029452296102862e-03
1.434547804906989577e-03
1.421350943106299263e-03
1.411605969489788601e-03
1.401916059338774358e-03
1.393358290995512765e-03
1.383398183503781491e-03
1.374602527943975588e-03
1.366376153147489357e-03
1.355658947832183219e-03
1.344490786102019685e-03
1.332547212669972676e-03
1.320480287971912119e-03
1.305675057939592858e-03
1.290943727362325877e-03
1.274965825079986620e-03
1.257498815358417841e-03
1.238918386372291243e-03
1.218428592350524232e-03
1.196204294255326026e-03
1.173201302688602066e-03
1.145800465356292550e-03
1.115725332203199331e-03
1.080340519907841334e-03
1.042512067120573418e-03
1.001510100425153597e-03
9.609311408477678486e-04
9.157565734896508337e-04
8.699453225821534869e-04
8.223536057432605153e-04
7.726539235322581450e-04
7.225999850227535605e-04
6.675528736911994334e-04
6.149216581137808548e-04
5.605096846132230420e-04
5.032753262718578065e-04
4.435495254126434108e-04
3.869948907948616906e-04
3.350858421569894298e-04
2.848207561892471523e-04
2.395477257348153715e-04
1.989238737011637102e-04
1.645513904537996945e-04
1.055681644517151338e-04
2.172344524877048071e-06
3.695553290660212120e-05
7.065228029881425679e-05
1.036202516586356357e-04
1.354322977313268163e-04
1.660883571676096424e-04
1.949911108034366202e-04
2.218638650119322136e-04
2.468538563631682606e-04
2.691840583383570975e-04
2.892211104493059930e-04
3.066561196679791251e-04
3.209297428988229332e-04
3.316972103955383860e-04
3.390972084625183073e-04
3.427980773799152534e-04
3.432485531054129692e-04
3.407722143943528394e-04
3.352009922543750355e-04
3.265414109599806347e-04
3.151779987994287788e-04
3.017768839177890797e-04
2.868637648798047241e-04
2.703015080590989955e-04
2.515742416964515497e-04
2.328097576730867328e-04
2.135891718165994452e-04
1.944199373021401553e-04
1.751063013886854254e-04
1.565698647666467032e-04
1.383705080282737916e-04
1.214850005956368006e-04
1.053458984195914907e-04
9.059484948095378057e-05
7.700527339740424249e-05
6.491757658835461899e-05
5.403836782905465660e-05
4.440701248922451549e-05
3.592570215057155089e-05
2.854197175672989009e-05
2.224952379425148904e-05
1.689910141101491270e-05
1.250144817476053554e-05
8.887337661200129054e-06
5.844628310351912023e-06
2.809941998856234765e-06
