5.518876761198043823e-02
-7.159169018268585205e-02
6.013585254549980164e-02
5.683089792728424072e-02
3.417102620005607605e-02
-9.997779875993728638e-02
-7.795087993144989014e-02
-1.211883500218391418e-01
-8.283369988203048706e-02
7.393965125083923340e-02
4.662464931607246399e-02
5.753109976649284363e-02
5.722313746809959412e-02
3.567904978990554810e-02
3.790424019098281860e-02
-4.856347665190696716e-02
-9.341553598642349243e-02
-8.698565512895584106e-02
-7.736825942993164062e-02
1.791398040950298309e-02
-9.428953379392623901e-02
-8.722534030675888062e-02
2.388229034841060638e-02
7.210601866245269775e-02
2.911588363349437714e-02
5.997564271092414856e-02
-8.291102200746536255e-02
-8.896489441394805908e-02
-6.095596775412559509e-02
-1.024314239621162415e-01
6.337565928697586060e-02
7.781482487916946411e-02
5.866976454854011536e-02
-6.247530505061149597e-02
3.567747771739959717e-02
-1.053960025310516357e-01
-5.944488197565078735e-02
-9.290587902069091797e-02
-7.195579260587692261e-02
8.548850193619728088e-03
-8.124446868896484375e-02
-8.155575394630432129e-02
5.316321179270744324e-02
6.316889077425003052e-02
-8.965901285409927368e-02
1.103453896939754486e-02
-1.113453060388565063e-01
4.704388603568077087e-02
-5.183835700154304504e-02
-8.077043294906616211e-02
-1.030589863657951355e-01
-9.471821039915084839e-02
-9.046820551156997681e-02
-4.408847540616989136e-02
3.157482296228408813e-02
8.647155761718750000e-02
6.184076890349388123e-02
-5.683764442801475525e-02
4.568757116794586182e-02
5.166652053594589233e-02
-8.180283010005950928e-02
-8.923527598381042480e-02
-8.154142647981643677e-02
7.515650987625122070e-02
-1.174502596259117126e-01
6.807618588209152222e-02
-7.769878208637237549e-02
3.648149967193603516e-02
-7.537841796875000000e-02
-9.046342223882675171e-02
-6.028991937637329102e-02
2.187604643404483795e-02
1.604126021265983582e-02
-6.723992526531219482e-02
5.963929370045661926e-02
-5.609443783760070801e-02
5.615837872028350830e-02
-9.361245483160018921e-02
2.052600868046283722e-02
-9.703596681356430054e-02
8.903814852237701416e-02
-5.625986680388450623e-02
-5.192752555012702942e-02
-5.966643616557121277e-02
-8.501444011926651001e-02
-8.926503360271453857e-02
-1.507207006216049194e-02
5.553796514868736267e-02
6.929373741149902344e-02
3.562374785542488098e-02
3.670964762568473816e-02
4.953870922327041626e-02
6.808108091354370117e-02
-7.060582935810089111e-02
-8.983191847801208496e-02
4.817275702953338623e-02
6.497633457183837891e-02
-1.257378458976745605e-01
-8.830552548170089722e-02
-5.366879329085350037e-02
-7.671932876110076904e-02
-7.647390663623809814e-02
5.819272622466087341e-02
3.913032263517379761e-02
3.436308726668357849e-02
6.675399094820022583e-02
-8.308762311935424805e-02
-8.719486743211746216e-02
5.522317439317703247e-02
8.329304307699203491e-02
-4.609170183539390564e-02
-8.837780356407165527e-02
4.388767480850219727e-02
-6.448564678430557251e-02
-4.358666762709617615e-02
-8.237177878618240356e-02
-2.449392527341842651e-02
-7.740597426891326904e-02
-9.101270884275436401e-02
-8.394870162010192871e-02
8.335179835557937622e-02
4.586556553840637207e-02
-9.875813871622085571e-02
4.495484381914138794e-02
-9.826042503118515015e-02
-9.265065193176269531e-02
1.348779909312725067e-02
-6.469879299402236938e-02
-7.586846500635147095e-02
6.715097278356552124e-02
5.573996156454086304e-02
-2.473848871886730194e-03
5.736909806728363037e-02
