4.110068455338478088e-02
-1.136568933725357056e-01
-1.121083796024322510e-01
-1.372784078121185303e-01
-9.798347949981689453e-02
7.109886407852172852e-02
-1.010847091674804688e-01
5.092940106987953186e-02
-6.306140124797821045e-02
3.596587106585502625e-02
-9.797167778015136719e-02
-1.101417094469070435e-02
8.191750943660736084e-02
-5.648260191082954407e-02
5.312709882855415344e-02
-1.505064517259597778e-01
6.645289808511734009e-02
-6.361003220081329346e-02
-8.474867790937423706e-02
1.000319719314575195e-01
-4.602835699915885925e-02
1.193160936236381531e-01
7.543507963418960571e-02
8.012572303414344788e-03
-1.058136895298957825e-01
-8.533463627099990845e-02
-1.196988970041275024e-01
-4.994520917534828186e-02
5.425251275300979614e-02
7.248651981353759766e-02
-1.509116441011428833e-01
-3.546350076794624329e-02
8.331001549959182739e-02
8.155840635299682617e-02
-1.288039237260818481e-01
-5.177101865410804749e-02
-4.993880633264780045e-03
1.046463698148727417e-01
7.609254866838455200e-02
5.403562262654304504e-02
-1.355207711458206177e-02
-1.066910326480865479e-01
-7.871875911951065063e-02
5.758955702185630798e-02
7.934605330228805542e-02
6.824727356433868408e-02
2.650572732090950012e-02
-8.873981237411499023e-02
5.516384169459342957e-02
1.375517249107360840e-02
-3.091190941631793976e-02
8.491032570600509644e-02
-8.322280645370483398e-02
-9.511770308017730713e-02
-6.880743056535720825e-02
1.042664330452680588e-02
1.151118874549865723e-01
-6.863842718303203583e-03
3.885881602764129639e-02
1.200212314724922180e-01
1.043100282549858093e-01
7.152215391397476196e-02
3.854472562670707703e-02
4.009308293461799622e-02
8.261153846979141235e-02
-2.142493873834609985e-01
7.716348767280578613e-02
-8.846483379602432251e-02
-8.825359493494033813e-02
-9.092235565185546875e-02
3.667885437607765198e-02
6.530121713876724243e-02
-1.012882664799690247e-01
6.609890609979629517e-02
4.251786693930625916e-02
3.042580001056194305e-02
3.117199614644050598e-02
-8.820126205682754517e-02
4.496650770306587219e-02
-1.539696156978607178e-01
-1.062842607498168945e-01
3.631473332643508911e-02
-1.120161488652229309e-01
-8.272194862365722656e-02
5.882060527801513672e-02
8.203423768281936646e-02
-8.031275123357772827e-02
1.982357725501060486e-02
4.684236645698547363e-02
-1.208842843770980835e-01
4.710566997528076172e-02
-9.423295408487319946e-02
-6.927298009395599365e-02
-1.381818801164627075e-01
5.549531057476997375e-02
4.833557456731796265e-02
3.441477194428443909e-02
-1.023967117071151733e-01
-5.529464036226272583e-02
6.095913797616958618e-02
5.982102826237678528e-02
-1.005871891975402832e-01
4.914195090532302856e-02
6.259061396121978760e-03
3.803120460361242294e-03
4.479223489761352539e-02
-3.263317048549652100e-02
-1.306400746107101440e-01
-1.088099852204322815e-01
-1.118418797850608826e-01
6.440992653369903564e-02
-2.958909608423709869e-02
-1.083992794156074524e-01
-1.342808753252029419e-01
1.011151969432830811e-01
-9.097349643707275391e-02
5.028564855456352234e-02
-1.866754889488220215e-01
9.361833333969116211e-02
-9.904594719409942627e-02
8.719269931316375732e-02
-1.109312176704406738e-01
3.162787109613418579e-02
-9.949355572462081909e-02
4.238170105963945389e-03
1.012342274188995361e-01
-1.067545935511589050e-01
-1.108698323369026184e-01
8.835239708423614502e-02
1.193237230181694031e-01
-9.828525781631469727e-02
-1.455237865447998047e-01
5.275429412722587585e-02
