-9.478088468313217163e-03
1.228655315935611725e-02
-1.886459626257419586e-02
1.620856858789920807e-02
-1.612377353012561798e-02
1.614747568964958191e-02
-5.752504803240299225e-04
8.312879130244255066e-03
9.707144461572170258e-03
1.368976198136806488e-02
-4.723516292870044708e-03
-2.134867198765277863e-02
1.162024121731519699e-02
5.381937604397535324e-03
1.690905541181564331e-02
-9.767669253051280975e-03
-5.328543484210968018e-03
3.872535657137632370e-03
1.112603396177291870e-02
-1.022708974778652191e-02
-8.395942859351634979e-03
3.480067849159240723e-02
-6.048326846212148666e-03
-3.588241524994373322e-03
1.190757285803556442e-02
-1.235895045101642609e-02
-2.625717967748641968e-02
-1.771309971809387207e-02
-3.216185141354799271e-03
-5.929917562752962112e-03
1.455298997461795807e-02
1.034646411426365376e-03
3.242836892604827881e-02
5.341941956430673599e-03
-1.491579134017229080e-02
2.048539370298385620e-02
1.151280384510755539e-02
1.413699705153703690e-02
1.782634062692523003e-03
-1.585533283650875092e-02
1.151537615805864334e-02
3.419226780533790588e-02
-1.903113443404436111e-03
9.920137003064155579e-03
2.268670313060283661e-02
1.297222636640071869e-02
-2.007726393640041351e-02
-6.022661458700895309e-03
2.084644883871078491e-02
-1.242128480225801468e-02
2.568804100155830383e-02
-1.674003526568412781e-02
-1.080496236681938171e-02
-2.126941829919815063e-02
1.088075339794158936e-02
-2.312248945236206055e-02
-3.370294580236077309e-03
-2.221899107098579407e-02
3.203580528497695923e-02
-2.596357604488730431e-03
-7.352024316787719727e-03
-1.225434243679046631e-02
1.555485092103481293e-02
-1.531021669507026672e-03
1.623190194368362427e-02
3.130876645445823669e-02
