-2.402027510106563568e-02
-6.015624105930328369e-02
1.531713455915451050e-02
-4.015974327921867371e-02
-3.146411851048469543e-02
4.828940331935882568e-02
5.693665239959955215e-03
-4.996901750564575195e-02
1.317628752440214157e-02
-4.882442951202392578e-02
3.049245476722717285e-02
9.649536572396755219e-03
1.414982602000236511e-02
-4.778952151536941528e-02
2.137184329330921173e-02
2.802256494760513306e-02
4.010912403464317322e-02
-2.471078559756278992e-02
1.745945774018764496e-02
3.528857976198196411e-02
1.539184991270303726e-02
5.719164013862609863e-02
2.657840959727764130e-02
9.307903237640857697e-03
1.426434610038995743e-02
1.846903935074806213e-02
-2.663485519587993622e-02
2.342013828456401825e-02
-9.905156912282109261e-04
-3.755465894937515259e-02
-2.855699509382247925e-02
-5.485141649842262268e-02
-3.797122091054916382e-02
-4.880514740943908691e-02
-5.724763870239257812e-02
-4.959393758326768875e-03
3.970042243599891663e-02
4.670948162674903870e-02
3.387555852532386780e-02
1.299200020730495453e-02
3.442519158124923706e-02
-2.155987359583377838e-02
-1.199891231954097748e-02
2.980880625545978546e-02
-3.862364962697029114e-02
-4.740545526146888733e-02
-3.563107550144195557e-02
-5.375387519598007202e-02
-3.639993444085121155e-02
-3.727322444319725037e-02
4.991594329476356506e-02
3.175340592861175537e-02
-4.973801970481872559e-02
3.762587532401084900e-02
-3.413620218634605408e-02
3.806682303547859192e-02
-3.765056654810905457e-02
-2.557260915637016296e-02
3.121912479400634766e-02
-5.158472061157226562e-02
2.982183918356895447e-02
2.970733493566513062e-02
2.143365703523159027e-02
-3.112137690186500549e-02
-4.906882718205451965e-02
-3.220525383949279785e-02
-2.434116415679454803e-02
2.128651924431324005e-02
2.973312139511108398e-02
3.519686684012413025e-02
2.266510948538780212e-02
-3.104862757027149200e-02
-5.294886976480484009e-02
-2.076606638729572296e-02
-4.024738818407058716e-02
-5.044341459870338440e-02
-5.327876284718513489e-02
-4.956943169236183167e-02
-3.747161477804183960e-02
4.173168167471885681e-02
-5.292543023824691772e-02
4.979702830314636230e-02
-5.767594277858734131e-02
-2.272097393870353699e-02
-5.563192442059516907e-02
1.622264273464679718e-02
-4.672489315271377563e-02
2.728256210684776306e-02
1.789777539670467377e-02
3.778963536024093628e-02
3.117666579782962799e-02
-3.429857641458511353e-02
6.415032315999269485e-03
-4.987747222185134888e-02
2.932605333626270294e-02
-5.282709747552871704e-02
3.027559630572795868e-02
-5.161384865641593933e-02
2.551594376564025879e-02
-4.760149866342544556e-02
-1.766351796686649323e-02
-2.266702055931091309e-02
-5.408361554145812988e-02
-4.604125767946243286e-02
4.208778589963912964e-02
1.990751363337039948e-02
-1.982737099751830101e-03
3.188348188996315002e-02
4.187567532062530518e-02
-5.343421176075935364e-02
3.434775769710540771e-02
