-9.688918478786945343e-03
1.225378457456827164e-02
-3.779289312660694122e-03
1.021190639585256577e-02
-1.079721841961145401e-02
-3.563491336535662413e-04
1.499130856245756149e-02
3.322285786271095276e-02
3.743354463949799538e-03
-1.789414905942976475e-03
1.090015377849340439e-02
-7.660858333110809326e-03
-2.189799956977367401e-02
3.150340914726257324e-02
-1.724235946312546730e-03
2.273871377110481262e-02
-1.028200238943099976e-02
-2.765129087492823601e-03
1.228729914873838425e-02
-5.206355825066566467e-03
4.539256915450096130e-03
2.627026522532105446e-03
-1.577561907470226288e-02
-6.874969229102134705e-03
-8.205777965486049652e-03
-4.442455247044563293e-04
-1.978304423391819000e-02
1.964631490409374237e-02
1.583574898540973663e-02
-1.108720432966947556e-02
5.241445265710353851e-03
-2.280238643288612366e-02
-3.974034450948238373e-03
5.443478003144264221e-03
1.764323562383651733e-02
-1.939781755208969116e-02
-5.730578559450805187e-04
-8.908194489777088165e-03
2.100594807416200638e-03
-6.808232516050338745e-03
-1.550571154803037643e-02
-4.439729731529951096e-03
-1.968302018940448761e-02
-1.844117231667041779e-02
-4.041920229792594910e-02
9.965142235159873962e-03
-1.441082218661904335e-03
2.628022618591785431e-02
1.705935597419738770e-02
-1.854446716606616974e-02
-7.366140373051166534e-03
-2.107078395783901215e-02
-1.141047757118940353e-02
2.062095142900943756e-02
3.911119885742664337e-03
5.606385879218578339e-03
1.434593461453914642e-02
5.371049046516418457e-04
-1.553279906511306763e-02
6.049060076475143433e-02
-9.488181211054325104e-03
3.088454483076930046e-03
-1.359184086322784424e-02
-7.151436526328325272e-03
-1.507415808737277985e-02
1.612378098070621490e-02
