-2.479507476091384888e-01
-1.376232057809829712e-01
-1.813874840736389160e-01
-9.207840263843536377e-02
-1.542096734046936035e-01
-1.446634680032730103e-01
1.056682970374822617e-02
-4.188489913940429688e-02
1.306959390640258789e-01
-1.005189418792724609e-01
-6.836669147014617920e-02
8.215503767132759094e-03
-2.830642759799957275e-01
8.440486341714859009e-02
-6.858601421117782593e-02
-1.548745930194854736e-01
-8.395715802907943726e-02
-3.496332094073295593e-02
-2.191485464572906494e-02
7.586423307657241821e-02
-3.475621715188026428e-02
-6.842001527547836304e-02
-1.605850160121917725e-01
-3.931028023362159729e-02
-1.415223181247711182e-01
-3.269376605749130249e-02
-4.506704956293106079e-02
2.469575591385364532e-02
3.983970731496810913e-02
4.128907620906829834e-02
-2.753899395465850830e-01
-1.700132191181182861e-01
-1.869443506002426147e-01
-2.600820362567901611e-01
4.818109795451164246e-02
-1.404280513525009155e-01
1.401971131563186646e-01
-9.340642392635345459e-02
-2.942629903554916382e-02
-3.224774450063705444e-02
-5.800805613398551941e-02
-1.155363097786903381e-01
-1.400754041969776154e-02
-2.422734647989273071e-01
-3.461332246661186218e-02
-2.624491453170776367e-01
2.733926773071289062e-01
-1.031504943966865540e-01
-2.243991754949092865e-02
-1.695389449596405029e-01
-2.176878154277801514e-01
6.366577930748462677e-03
-2.251316905021667480e-01
1.802160143852233887e-01
-2.827566862106323242e-02
3.733586519956588745e-03
1.257871240377426147e-01
-1.143970042467117310e-01
6.557626277208328247e-02
-5.744796991348266602e-02
1.348933130502700806e-01
-1.605342328548431396e-01
-6.721640378236770630e-02
-1.889990828931331635e-02
-2.600506506860256195e-02
4.857616499066352844e-02
-6.840746104717254639e-02
1.568769803270697594e-03
-5.316702276468276978e-02
-1.679045557975769043e-01
1.683404594659805298e-01
-2.765653468668460846e-02
-2.317660115659236908e-02
-2.088219374418258667e-01
-6.413659453392028809e-02
-2.223821133375167847e-01
6.162450835108757019e-02
1.530168461613357067e-03
7.780291885137557983e-02
4.906587302684783936e-03
5.830617994070053101e-02
4.813332855701446533e-02
-4.875902086496353149e-02
1.806915923953056335e-02
4.259091615676879883e-02
1.343227829784154892e-02
-3.111525475978851318e-01
-5.117506906390190125e-02
2.037926577031612396e-02
1.114812865853309631e-02
-1.225884770974516869e-03
5.191028583794832230e-03
-2.361147105693817139e-01
1.832762174308300018e-02
-1.955315470695495605e-01
-1.602735929191112518e-02
-2.088134288787841797e-01
-2.179998755455017090e-01
-2.074117772281169891e-02
-1.548974066972732544e-01
-6.494232267141342163e-02
-2.503711879253387451e-01
-6.934750825166702271e-03
7.624153047800064087e-02
-5.611470341682434082e-02
-1.855111420154571533e-01
-1.838905066251754761e-01
4.780535772442817688e-02
-7.599011063575744629e-02
-2.019293010234832764e-01
-2.351510524749755859e-02
-4.512083530426025391e-02
-4.436233267188072205e-02
-1.279298495501279831e-02
-1.218832954764366150e-01
-1.882328540086746216e-01
4.922485444694757462e-03
-7.186882942914962769e-02
3.828852623701095581e-02
7.605805248022079468e-02
6.557426601648330688e-02
-1.586631387472152710e-01
1.270540952682495117e-01
8.396547287702560425e-02
9.106335043907165527e-02
1.113615930080413818e-03
1.035653725266456604e-01
-8.477833867073059082e-02
-1.849850267171859741e-02
-9.127839654684066772e-02
6.001442670822143555e-04
3.925660997629165649e-02
-8.419853448867797852e-02
-1.886004582047462463e-02
-5.621090531349182129e-02
-1.121935527771711349e-02
-8.291980624198913574e-02
-1.728394627571105957e-02
-1.422175322659313679e-03
-6.781873106956481934e-02
-2.262794822454452515e-01
9.582060575485229492e-02
-6.452168524265289307e-02
-1.090399324893951416e-01
-1.859875172376632690e-01
-1.238228157162666321e-01
-6.661751866340637207e-02
-2.114073038101196289e-01
-5.670026689767837524e-02
-1.791525930166244507e-01
1.312652975320816040e-01
