-2.432149462401866913e-02
-2.355732768774032593e-02
-3.159285709261894226e-02
-1.504699233919382095e-02
1.972870714962482452e-02
1.381734572350978851e-02
1.892772316932678223e-02
-8.960058912634849548e-03
-8.657251484692096710e-03
1.681062765419483185e-02
-9.472370147705078125e-03
-2.719618752598762512e-02
-1.892702840268611908e-02
-2.616150537505745888e-03
-3.104015439748764038e-02
-2.418406121432781219e-02
2.416941523551940918e-02
1.537324115633964539e-02
1.150248572230339050e-02
3.501614928245544434e-02
1.722853258252143860e-02
7.199160754680633545e-03
-2.037082053720951080e-02
-3.629365190863609314e-02
1.972312107682228088e-02
-9.255067445337772369e-03
2.357288822531700134e-02
2.069089934229850769e-02
-1.365540921688079834e-02
-3.400629758834838867e-02
-9.962559677660465240e-03
-1.178575330413877964e-03
-1.254779286682605743e-03
2.228155918419361115e-02
2.588614821434020996e-02
-1.210110075771808624e-02
1.506801974028348923e-02
1.157220546156167984e-02
1.209895033389329910e-02
-2.316742390394210815e-02
1.614990085363388062e-02
-5.105511751025915146e-03
1.333685964345932007e-02
1.199746597558259964e-02
-2.791427075862884521e-02
-2.278354763984680176e-02
-2.320007607340812683e-02
2.647546865046024323e-02
-4.839493893086910248e-03
1.639053411781787872e-02
-1.297995541244745255e-02
-2.324017323553562164e-02
3.115889616310596466e-03
-9.825524874031543732e-03
-2.746769040822982788e-02
-7.708292454481124878e-03
-2.863560616970062256e-02
6.325898692011833191e-03
-2.100212872028350830e-02
3.140730783343315125e-02
-1.279704831540584564e-02
1.924396120011806488e-02
-3.290314599871635437e-02
-2.409807406365871429e-02
-3.582281246781349182e-02
1.961431838572025299e-02
1.968545280396938324e-02
-3.058293275535106659e-02
2.115857414901256561e-02
1.962906308472156525e-02
-2.631651423871517181e-02
-2.328383363783359528e-02
1.476844493299722672e-02
6.233463645912706852e-04
1.576478779315948486e-02
-1.176442671567201614e-02
1.387066906318068504e-03
-1.085813902318477631e-02
1.465572696179151535e-02
1.825169473886489868e-02
-2.707568369805812836e-02
1.741975173354148865e-02
-1.767554320394992828e-02
1.012265449389815331e-03
1.758364215493202209e-02
2.235087193548679352e-02
-1.218328252434730530e-02
-5.031606648117303848e-03
1.964148320257663727e-02
2.349443547427654266e-02
-6.035350263118743896e-03
1.156113296747207642e-02
-1.097890641540288925e-02
-4.316472262144088745e-02
2.113531902432441711e-02
-2.527758665382862091e-02
-1.209660433232784271e-02
-1.789474114775657654e-02
3.081840404774993658e-04
