-1.918528042733669281e-02
-1.008654907345771790e-01
-9.024439007043838501e-02
-1.026825755834579468e-01
-1.074551697820425034e-02
6.657303869724273682e-02
-8.343748003244400024e-02
2.463564649224281311e-02
-7.200423628091812134e-02
4.995398968458175659e-02
-8.801826834678649902e-02
-4.277948662638664246e-02
8.674710988998413086e-02
-3.476035781204700470e-03
6.439618021249771118e-02
-7.920043915510177612e-02
5.404099076986312866e-02
-5.546795204281806946e-02
-9.730046242475509644e-02
6.466887891292572021e-02
-5.630002170801162720e-02
7.954517751932144165e-02
1.496031507849693298e-02
1.191382016986608505e-02
-8.615392446517944336e-02
-8.473883569240570068e-02
-8.293845504522323608e-02
2.579084038734436035e-02
4.066737368702888489e-02
7.517720758914947510e-02
-8.348619192838668823e-02
-4.520478099584579468e-02
6.770678609609603882e-02
3.993382304906845093e-02
-8.794780820608139038e-02
-3.459007292985916138e-02
5.197564605623483658e-04
-8.767425082623958588e-03
6.239606440067291260e-02
4.551981389522552490e-02
-3.231675550341606140e-02
-2.494302019476890564e-02
-6.780817359685897827e-02
3.045014292001724243e-02
1.219998598098754883e-01
3.546557202935218811e-02
4.840489476919174194e-02
-2.529276069253683090e-03
4.895634576678276062e-02
3.235325217247009277e-02
-4.741843044757843018e-02
6.434186547994613647e-02
-7.216735929250717163e-02
-8.328421413898468018e-02
4.309891164302825928e-02
1.977798715233802795e-02
8.292276412248611450e-02
4.352492466568946838e-02
5.311723798513412476e-02
7.997073233127593994e-02
4.723967611789703369e-02
6.293378025293350220e-02
5.361852794885635376e-02
-3.223105147480964661e-02
4.554546624422073364e-02
-8.829724043607711792e-02
6.380557268857955933e-02
-8.249825239181518555e-02
-7.365829497575759888e-02
-8.259140700101852417e-02
3.630928695201873779e-02
5.969692766666412354e-02
-8.530425280332565308e-02
5.665929242968559265e-02
6.112673506140708923e-02
5.359062179923057556e-02
2.683816477656364441e-02
-3.756877034902572632e-02
2.213862538337707520e-02
-6.071666628122329712e-02
-8.223153650760650635e-02
4.969545081257820129e-02
-9.758372604846954346e-02
-7.130244374275207520e-02
5.830838158726692200e-02
2.580491267144680023e-02
-7.293703407049179077e-02
-4.772784188389778137e-02
6.469867378473281860e-02
-9.280508756637573242e-02
5.134490132331848145e-02
4.221530258655548096e-02
-4.287775978446006775e-02
-1.183791086077690125e-01
3.175414353609085083e-02
5.357615277171134949e-02
-6.159834191203117371e-02
-6.379804760217666626e-02
-5.935044214129447937e-02
5.442925170063972473e-02
5.469569563865661621e-02
-5.645078793168067932e-02
4.642151296138763428e-02
-1.116552521125413477e-04
2.801969461143016815e-02
5.038576945662498474e-02
-4.478105902671813965e-02
-9.694913029670715332e-02
-6.749328970909118652e-02
-9.280077368021011353e-02
-3.514610603451728821e-02
6.895470619201660156e-02
-6.902311742305755615e-02
-8.545114845037460327e-02
6.479332596063613892e-02
-6.518375873565673828e-02
5.231175571680068970e-02
4.181868955492973328e-02
7.429634779691696167e-02
-8.821924775838851929e-02
-3.450172394514083862e-02
-9.603695012629032135e-03
3.519858047366142273e-02
-4.345214925706386566e-03
2.698198333382606506e-02
3.850482776761054993e-02
7.129459409043192863e-04
-5.042360350489616394e-02
7.980526238679885864e-02
-5.719950795173645020e-02
-7.858282327651977539e-02
-1.046580914407968521e-02
-6.633970141410827637e-02
