-6.841138470917940140e-03
1.110851112753152847e-02
1.738128066062927246e-02
-9.776764782145619392e-04
2.266135998070240021e-02
4.740034416317939758e-02
1.586869172751903534e-02
1.935661211609840393e-02
6.200957577675580978e-04
2.007382549345493317e-02
1.426992379128932953e-02
-6.546238437294960022e-03
-2.229798585176467896e-03
3.453043103218078613e-02
5.743633955717086792e-03
-1.674729026854038239e-02
6.784953922033309937e-02
1.522515341639518738e-02
8.429492823779582977e-03
1.076752617955207825e-01
2.840107120573520660e-02
1.733874087221920490e-03
