1.038020402193069458e-01
-1.509615480899810791e-01
-1.325052324682474136e-02
-1.024810299277305603e-01
9.619610756635665894e-02
6.069430150091648102e-03
2.652787789702415466e-02
1.344560086727142334e-02
9.549026191234588623e-02
1.057140603661537170e-01
7.134716957807540894e-02
-1.330783814191818237e-01
-1.420685946941375732e-01
1.368871480226516724e-01
-1.152532398700714111e-01
1.727464608848094940e-02
1.204583346843719482e-01
-7.638725638389587402e-02
4.317281022667884827e-02
-1.398386806249618530e-01
1.066906452178955078e-01
-1.615005731582641602e-01
-6.318831443786621094e-02
-6.236590072512626648e-02
1.051879674196243286e-02
-6.275493651628494263e-02
-1.488881558179855347e-01
1.095008552074432373e-01
-2.258467674255371094e-01
-1.529613584280014038e-01
-1.612937152385711670e-01
-1.567248851060867310e-01
4.960207268595695496e-02
-7.666946854442358017e-03
5.854590982198715210e-02
-1.369380950927734375e-01
2.479230426251888275e-02
-4.609996080398559570e-02
-1.790488720871508121e-03
9.780240803956985474e-02
-3.089407458901405334e-02
-1.194168329238891602e-01
2.597714215517044067e-02
7.969366014003753662e-02
-9.787426888942718506e-02
7.778861373662948608e-02
-1.265074312686920166e-01
-8.044754713773727417e-02
-2.279451638460159302e-01
-6.878592073917388916e-03
-7.744162529706954956e-02
-1.323038488626480103e-01
-1.071926057338714600e-01
-2.491980493068695068e-01
1.242273151874542236e-01
1.593504250049591064e-01
-6.833873689174652100e-02
3.251865133643150330e-02
6.927685439586639404e-02
9.935574233531951904e-02
-1.025625765323638916e-01
1.791603416204452515e-01
2.276033349335193634e-02
-2.280853539705276489e-01
6.591295450925827026e-02
-1.212789416313171387e-01
6.282337009906768799e-02
-1.778146326541900635e-01
6.230907887220382690e-02
5.100785195827484131e-02
7.759982347488403320e-02
-6.711345165967941284e-02
-8.836265653371810913e-02
3.663789480924606323e-02
1.498866379261016846e-01
-7.565744221210479736e-03
1.045712754130363464e-01
-4.735767841339111328e-02
4.251858219504356384e-02
-1.433945298194885254e-01
-2.002212107181549072e-01
9.163634479045867920e-02
-2.366229146718978882e-02
-9.330803900957107544e-02
1.661647409200668335e-01
1.007471457123756409e-01
1.234284117817878723e-01
-4.441529512405395508e-02
6.359153985977172852e-02
-1.131247878074645996e-01
-1.524901390075683594e-02
4.791697487235069275e-02
-1.060711406171321869e-02
1.673592031002044678e-01
2.395583689212799072e-02
8.754210174083709717e-02
-3.213900327682495117e-02
-1.510283946990966797e-01
-1.632055044174194336e-01
-1.263695657253265381e-01
3.847539052367210388e-02
-1.788125783205032349e-01
-5.000117421150207520e-02
1.349680572748184204e-01
1.719851419329643250e-02
1.568817906081676483e-02
4.408193007111549377e-02
3.332335501909255981e-02
-1.663964241743087769e-01
3.524387627840042114e-02
3.306975215673446655e-02
6.086494028568267822e-02
-8.726038783788681030e-02
-5.428703129291534424e-02
-6.585963070392608643e-02
5.969093181192874908e-04
-8.292954415082931519e-02
4.389718919992446899e-02
-7.976321130990982056e-02
-2.720581591129302979e-01
-2.199766188859939575e-01
-1.689066141843795776e-01
-5.357808992266654968e-02
-1.662272512912750244e-01
6.322322785854339600e-02
-7.762346416711807251e-02
-1.441379338502883911e-01
6.513941287994384766e-02
2.007201546803116798e-03
6.231024861335754395e-02
9.713245183229446411e-02
-1.008745804429054260e-01
-7.594989240169525146e-02
1.091571673750877380e-01
-1.631983965635299683e-01
-8.441599458456039429e-02
-7.345107197761535645e-02
-1.277480423450469971e-01
1.222926825284957886e-01
-9.029326587915420532e-02
4.714443162083625793e-02
-1.039999574422836304e-01
-7.371941208839416504e-02
1.169301196932792664e-01
-1.259447932243347168e-01
2.175345644354820251e-02
-1.195096001029014587e-01
9.895267337560653687e-02
-1.132095754146575928e-01
5.046743899583816528e-04
-8.908867090940475464e-02
