-1.149263530969619751e-01
2.534379251301288605e-02
-1.926596090197563171e-02
2.388020977377891541e-02
3.426303341984748840e-02
3.400716558098793030e-02
2.672191150486469269e-02
5.953076109290122986e-02
6.711607426404953003e-02
8.484277874231338501e-02
7.490320503711700439e-02
7.847902178764343262e-02
4.246981814503669739e-02
3.193871304392814636e-02
5.985709652304649353e-02
7.120636850595474243e-02
7.608382403850555420e-02
4.011613875627517700e-02
4.863788560032844543e-02
1.635882817208766937e-02
1.368220057338476181e-02
-1.890560053288936615e-02
-7.744465488940477371e-03
-1.487381011247634888e-02
-1.520786341279745102e-02
-2.965877950191497803e-02
-1.550598628818988800e-02
-2.310681901872158051e-02
-6.020087748765945435e-02
-2.335495874285697937e-02
-4.541728273034095764e-02
-5.845035985112190247e-02
-7.091851532459259033e-02
-6.924000382423400879e-02
-8.213923871517181396e-02
-4.588073864579200745e-02
-1.011040732264518738e-01
-1.024202406406402588e-01
-1.024319604039192200e-01
-4.583127424120903015e-02
-3.742399439215660095e-02
-3.174897655844688416e-02
-6.218319013714790344e-02
-1.141372174024581909e-01
-9.667234122753143311e-02
-8.626500517129898071e-02
-2.924269437789916992e-02
-4.116072785109281540e-03
-1.314837578684091568e-02
1.275886967778205872e-02
-2.232385426759719849e-02
-4.890295490622520447e-02
-7.935976982116699219e-02
-1.238434240221977234e-01
-1.530952453613281250e-01
-1.921542137861251831e-01
-1.101863160729408264e-01
-1.169081106781959534e-01
1.577043682336807251e-01
1.820388287305831909e-01
1.600993871688842773e-01
1.721041947603225708e-01
1.717323213815689087e-01
1.427233368158340454e-01
9.760526567697525024e-02
1.149689853191375732e-01
1.186802238225936890e-01
1.002319902181625366e-01
1.203900352120399475e-01
1.201049312949180603e-01
1.142165139317512512e-01
8.692339807748794556e-02
6.410843133926391602e-02
6.552004069089889526e-02
6.473276764154434204e-02
6.851469725370407104e-02
5.395260453224182129e-02
2.706919424235820770e-02
7.061404176056385040e-03
-9.637475945055484772e-03
-1.238977070897817612e-02
-4.164116457104682922e-02
-5.067615211009979248e-02
-5.213385447859764099e-02
-8.361859619617462158e-02
-9.176208823919296265e-02
-1.238870397210121155e-01
-1.016267985105514526e-01
-1.447526514530181885e-01
-1.348092257976531982e-01
-1.395542621612548828e-01
-1.498991996049880981e-01
-1.558990180492401123e-01
-1.947298645973205566e-01
-1.853262037038803101e-01
-1.429743021726608276e-01
-1.687472313642501831e-01
-1.585052758455276489e-01
-1.520531475543975830e-01
-1.315895617008209229e-01
-1.430082470178604126e-01
-1.776189655065536499e-01
-1.768782585859298706e-01
-1.773924082517623901e-01
-1.749738901853561401e-01
-6.929778307676315308e-02
5.596563965082168579e-02
6.977983564138412476e-02
3.599347919225692749e-02
2.895848080515861511e-02
3.652679547667503357e-02
6.905332952737808228e-02
6.847573816776275635e-02
7.402715831995010376e-02
8.245567232370376587e-02
6.783960014581680298e-02
7.592458277940750122e-02
6.839466840028762817e-02
7.320336997509002686e-02
9.554504603147506714e-02
9.112390875816345215e-02
1.352891176939010620e-01
7.418362796306610107e-02
7.565577328205108643e-02
7.787431031465530396e-02
5.347325652837753296e-02
5.014006048440933228e-02
2.031394094228744507e-02
3.496247529983520508e-02
1.325671002268791199e-02
5.554140079766511917e-03
4.698403645306825638e-03
-4.611853975802659988e-03
-5.763471592217683792e-03
2.082591503858566284e-02
1.372417248785495758e-02
-1.082309894263744354e-02
-2.611114829778671265e-02
5.702941212803125381e-03
1.795317512005567551e-03
-2.478860877454280853e-02
1.865259557962417603e-02
-1.916437409818172455e-02
-1.647807843983173370e-02
-1.081869658082723618e-02
-4.169998690485954285e-03
-4.466587677597999573e-03
-1.544875837862491608e-02
-3.272375091910362244e-02
-8.323215693235397339e-02
-1.435312926769256592e-01
