1.530696917325258255e-02
1.848185248672962189e-02
1.075644511729478836e-02
1.220516674220561981e-02
6.041266955435276031e-03
-6.530164275318384171e-03
9.967515245079994202e-03
1.613785885274410248e-02
-1.287970505654811859e-02
-2.195224352180957794e-02
1.468266639858484268e-02
-1.315307896584272385e-02
-2.137709036469459534e-02
1.021254248917102814e-02
-9.272681549191474915e-03
-1.056793704628944397e-02
-2.377479540882632136e-05
-1.239618472754955292e-02
1.136607956141233444e-02
7.912911474704742432e-03
1.338139455765485764e-02
-2.344923838973045349e-02
-1.147022936493158340e-02
-8.912113495171070099e-03
-1.475800760090351105e-02
-3.898981958627700806e-03
-1.890737190842628479e-02
-2.207000926136970520e-02
1.800688169896602631e-02
-1.609831675887107849e-02
1.081775408238172531e-02
-2.102284133434295654e-02
-1.892497017979621887e-02
-5.973235238343477249e-04
1.759948767721652985e-02
-1.652882620692253113e-02
1.300788950175046921e-02
-3.622462600469589233e-02
6.838432513177394867e-03
3.740825457498431206e-03
7.194148842245340347e-03
-4.351355601102113724e-03
-3.029382321983575821e-03
-1.590450294315814972e-02
-1.786018535494804382e-02
1.791738439351320267e-03
-1.259016245603561401e-02
9.733710321597754955e-04
1.995077356696128845e-02
-2.105516381561756134e-02
-4.906755406409502029e-03
-2.667522057890892029e-02
-3.291977941989898682e-02
3.185135498642921448e-02
4.267933778464794159e-03
1.095721591264009476e-02
1.007819268852472305e-02
-1.242185384035110474e-02
-1.640324853360652924e-02
2.680596709251403809e-02
-3.266735747456550598e-02
6.886833813041448593e-03
2.474364824593067169e-03
7.933482527732849121e-03
-1.790677197277545929e-02
1.298157218843698502e-02
