8.704407140612602234e-03,-1.205950528383255005e-01,3.727424517273902893e-02,-1.430358737707138062e-01,2.133820578455924988e-02,1.257604360580444336e-01,6.125613674521446228e-02,2.143695652484893799e-01,1.946287304162979126e-01,-1.929413080215454102e-01,1.851952224969863892e-01,-3.783292770385742188e-01,-3.209251910448074341e-02,6.785954535007476807e-02,-5.643695965409278870e-02,-3.363511711359024048e-02,-2.384973019361495972e-01,-1.661770045757293701e-01,1.566398292779922485e-01,3.243996500968933105e-01,1.083449572324752808e-01,1.113599538803100586e-01
-1.100164055824279785e-01,-5.043854936957359314e-02,-7.393360137939453125e-02,1.603717952966690063e-01,-5.183338001370429993e-02,2.477431148290634155e-01,1.088363975286483765e-01,-2.727813273668289185e-02,-2.338252216577529907e-01,-1.275170594453811646e-01,-2.358822822570800781e-01,2.012399956583976746e-02,3.405383601784706116e-02,1.371074318885803223e-01,2.098623365163803101e-01,-5.939551442861557007e-02,-4.258071258664131165e-02,-8.197714388370513916e-02,-1.179863698780536652e-02,7.364356517791748047e-02,-1.750081777572631836e-01,2.263986766338348389e-01
-1.085150763392448425e-01,1.047315169125795364e-02,6.692943163216114044e-03,-1.156063526868820190e-01,2.264559119939804077e-01,-5.894020572304725647e-02,-3.606059253215789795e-01,-2.035658061504364014e-01,2.877603471279144287e-01,-9.123205393552780151e-02,3.918440937995910645e-01,-7.360959798097610474e-02,-1.212870329618453979e-01,2.544922232627868652e-01,1.467178612947463989e-01,1.197537556290626526e-01,-3.232641220092773438e-01,1.918629556894302368e-01,-7.928228378295898438e-02,9.358042478561401367e-02,2.464376389980316162e-01,2.192019969224929810e-01
-1.462001353502273560e-01,-1.422308832406997681e-01,1.012844890356063843e-01,3.644495010375976562e-01,-2.911433577537536621e-01,-9.354589134454727173e-02,6.779145449399948120e-02,-4.973951727151870728e-02,-2.527786493301391602e-01,-8.721234649419784546e-02,-1.611843407154083252e-01,-3.112733960151672363e-01,-2.093980833888053894e-02,2.549071609973907471e-02,2.066550403833389282e-01,2.703306078910827637e-01,8.153133094310760498e-02,-1.211507692933082581e-01,-8.630187064409255981e-02,3.795919716358184814e-01,-5.798529088497161865e-02,7.769753783941268921e-02
-7.718133181333541870e-02,-1.178412139415740967e-01,5.963136628270149231e-02,-1.573597341775894165e-01,1.955000907182693481e-01,4.385091960430145264e-01,3.350935131311416626e-02,-6.557714194059371948e-02,2.056441754102706909e-01,-3.851648420095443726e-02,2.879875004291534424e-01,3.615386486053466797e-01,2.087393999099731445e-01,-1.747327595949172974e-01,-8.323901891708374023e-02,-1.075899749994277954e-01,1.174924150109291077e-01,-2.749047279357910156e-01,-4.124585986137390137e-01,1.113715767860412598e-01,1.891702860593795776e-01,3.559464812278747559e-01
-5.022878572344779968e-02,-5.021768808364868164e-02,2.508511543273925781e-01,1.130235493183135986e-01,-2.683681845664978027e-01,1.015511751174926758e-01,4.770906269550323486e-01,-7.673175632953643799e-02,4.627850279211997986e-02,-2.340421229600906372e-01,-2.810395956039428711e-01,-3.557344153523445129e-02,-6.856901105493307114e-03,-1.323477923870086670e-02,-2.640974819660186768e-01,7.871905714273452759e-02,-2.590785324573516846e-01,-3.109329044818878174e-01,1.546716243028640747e-01,-1.601632237434387207e-01,3.802894949913024902e-01,-2.194456011056900024e-01
-8.202550001442432404e-03,7.549571804702281952e-03,3.005769550800323486e-01,-1.692557632923126221e-01,-2.465650886297225952e-01,-2.877006232738494873e-01,-2.599535584449768066e-01,-1.337438076734542847e-01,4.458023011684417725e-01,2.795527875423431396e-01,-2.034138292074203491e-01,-6.286698859184980392e-03,-2.946999669075012207e-01,4.638944193720817566e-02,5.475072562694549561e-02,-3.250927031040191650e-01,-6.342522799968719482e-02,9.800130128860473633e-02,-7.701097428798675537e-02,-2.494691498577594757e-02,-1.762335002422332764e-01,3.772887289524078369e-01
4.205788671970367432e-01,-1.018272861838340759e-01,-7.231412082910537720e-02,2.977721989154815674e-01,-5.566968023777008057e-02,-1.810548454523086548e-01,1.895573288202285767e-01,-2.943492829799652100e-01,4.174429476261138916e-01,-1.643950492143630981e-01,2.308354228734970093e-01,2.950078547000885010e-01,-1.829568482935428619e-02,3.031742870807647705e-01,-7.625287771224975586e-02,1.798612773418426514e-01,1.527241170406341553e-01,8.020307123661041260e-02,-2.006822377443313599e-01,-3.479962646961212158e-01,1.813113838434219360e-01,4.328805506229400635e-01
1.300044208765029907e-01,1.013924703001976013e-01,-3.635437190532684326e-01,-3.596240580081939697e-01,3.002759814262390137e-01,1.089043840765953064e-01,1.587090641260147095e-01,-6.738311797380447388e-02,3.268204629421234131e-01,-1.879056096076965332e-01,-1.608093678951263428e-01,3.021866679191589355e-01,-1.211036890745162964e-01,2.602832913398742676e-01,2.122541144490242004e-02,-1.685428917407989502e-01,1.741226762533187866e-01,2.239494770765304565e-01,-1.053272783756256104e-01,-1.622316688299179077e-01,-1.180604994297027588e-01,4.741238057613372803e-02
-1.687337011098861694e-01,6.999688223004341125e-03,-6.017189100384712219e-02,-6.294583529233932495e-02,3.638136684894561768e-01,-1.613957732915878296e-01,1.908025890588760376e-01,-2.475358778610825539e-03,2.335338592529296875e-01,-1.403806805610656738e-01,-1.150244921445846558e-01,2.617845535278320312e-01,4.907575994729995728e-02,-2.697988748550415039e-01,3.920896351337432861e-01,-1.619344204664230347e-01,1.943795233964920044e-01,3.906904160976409912e-01,-1.387805640697479248e-01,-4.025855660438537598e-01,3.400582671165466309e-01,3.455974757671356201e-01
1.200498044490814209e-01,1.340371817350387573e-01,-2.261541038751602173e-01,-2.886115610599517822e-01,1.468559652566909790e-01,8.525469154119491577e-02,-4.008629918098449707e-01,-1.235855072736740112e-01,3.080786466598510742e-01,-3.255717456340789795e-02,-4.543147385120391846e-01,6.971006095409393311e-02,-9.642213582992553711e-02,4.157030209898948669e-02,1.976435780525207520e-01,-1.727046966552734375e-01,-2.209705561399459839e-01,-3.849535062909126282e-02,-2.219118028879165649e-01,5.869308710098266602e-01,-5.191375017166137695e-01,7.541038095951080322e-02
2.120198309421539307e-01,-2.157438844442367554e-01,8.291535824537277222e-02,4.321678355336189270e-02,-7.405459135770797729e-02,-1.788598448038101196e-01,-2.637764513492584229e-01,-4.474445804953575134e-02,-2.213091850280761719e-01,5.919845402240753174e-02,8.710077404975891113e-02,-4.042812883853912354e-01,1.446479260921478271e-01,-1.536842342466115952e-02,2.887949645519256592e-01,-1.346676647663116455e-01,-1.068101003766059875e-01,-5.794779658317565918e-01,2.687374353408813477e-01,-1.493912041187286377e-01,-1.000540703535079956e-01,-3.132841587066650391e-01
1.014665886759757996e-01,-1.175176203250885010e-01,5.336924642324447632e-02,8.192910999059677124e-02,1.198135837912559509e-01,3.261578381061553955e-01,2.058610133826732635e-02,1.921234875917434692e-01,-1.887607276439666748e-01,-4.111372828483581543e-01,3.759865164756774902e-01,-2.238193601369857788e-01,-6.075118482112884521e-02,-1.215556636452674866e-02,-3.697263002395629883e-01,-3.120510578155517578e-01,3.719107806682586670e-01,-1.814633607864379883e-01,1.205607578158378601e-01,-6.677874177694320679e-02,6.136006116867065430e-01,-1.869947761297225952e-01
-2.024504542350769043e-01,-1.664740890264511108e-01,9.036161005496978760e-03,1.410881727933883667e-01,-5.353883281350135803e-02,3.690840303897857666e-01,-2.714434564113616943e-01,4.550803452730178833e-02,1.225938200950622559e-01,7.155418395996093750e-02,-2.278565019369125366e-01,-7.603679597377777100e-02,5.198745056986808777e-02,6.829531490802764893e-02,1.405914127826690674e-01,-1.498078554868698120e-01,2.374364733695983887e-01,-2.455060631036758423e-01,-2.525763958692550659e-02,-1.752901077270507812e-01,-1.799504756927490234e-01,1.462470889091491699e-01
-2.832741737365722656e-01,-4.962923005223274231e-02,6.797559908591210842e-04,2.824686765670776367e-01,-2.508575022220611572e-01,-9.444681555032730103e-02,9.408403187990188599e-02,-1.182996481657028198e-01,-1.022937968373298645e-01,4.464503005146980286e-02,3.136013448238372803e-01,-2.413355559110641479e-01,5.534020438790321350e-02,-7.703641802072525024e-02,-1.959664002060890198e-02,6.296360492706298828e-02,-2.544732689857482910e-01,7.802341133356094360e-02,2.295404523611068726e-01,-6.404678523540496826e-02,1.008158773183822632e-01,-2.044450789690017700e-01
-2.940040826797485352e-01,-3.712772205471992493e-02,4.625376686453819275e-02,-2.929425835609436035e-01,-1.272180397063493729e-02,-3.374305367469787598e-01,1.579077839851379395e-01,-3.906455636024475098e-01,-1.245990321040153503e-01,1.817150563001632690e-01,4.496734738349914551e-01,-2.086762785911560059e-01,2.313505411148071289e-01,3.201696574687957764e-01,1.905760616064071655e-01,2.901106774806976318e-01,-9.035611152648925781e-02,4.602110981941223145e-01,-5.580061674118041992e-02,7.525523751974105835e-02,-1.431321799755096436e-01,1.994535177946090698e-01
2.338489890098571777e-01,-4.568190276622772217e-01,6.411089748144149780e-02,5.912137404084205627e-02,8.484160155057907104e-02,1.993910074234008789e-01,5.417976900935173035e-02,5.753829330205917358e-02,-1.087732613086700439e-01,2.713720500469207764e-01,-2.541002333164215088e-01,-2.001880109310150146e-01,1.200918033719062805e-01,2.640157341957092285e-01,-1.326860636472702026e-01,-2.901548752561211586e-03,-2.574179768562316895e-01,6.096711754798889160e-02,1.994709223508834839e-01,-2.178905308246612549e-01,1.741902083158493042e-01,1.632947921752929688e-01
2.166724801063537598e-01,-2.112901955842971802e-02,1.377606987953186035e-01,-1.637706160545349121e-01,3.201940357685089111e-01,-6.360086798667907715e-02,-2.119288593530654907e-01,3.007900714874267578e-01,3.921024203300476074e-01,-5.169601645320653915e-03,-1.854896247386932373e-01,3.189339339733123779e-01,-2.299299687147140503e-01,-1.270733922719955444e-01,9.297651797533035278e-02,-1.569969356060028076e-01,2.311474084854125977e-01,2.510519921779632568e-01,-3.368514403700828552e-02,-7.564963400363922119e-02,8.132428675889968872e-02,-2.158093303442001343e-01
3.058632016181945801e-01,-3.864916265010833740e-01,2.962717786431312561e-02,-1.822376698255538940e-01,-1.345961391925811768e-01,3.941985592246055603e-02,-1.490738242864608765e-01,3.354876115918159485e-02,2.781920731067657471e-01,-2.250241488218307495e-01,-1.463168263435363770e-01,9.466205537319183350e-02,-2.254277020692825317e-01,1.278661936521530151e-01,6.152356788516044617e-02,-1.921819001436233521e-01,1.346945166587829590e-01,-2.824407815933227539e-01,-1.735993325710296631e-01,4.304845035076141357e-01,-2.721560895442962646e-01,3.289376497268676758e-01
9.269408136606216431e-02,8.684467524290084839e-03,1.725158691406250000e-01,3.173970282077789307e-01,-9.165612608194351196e-02,7.576596736907958984e-02,-1.556848436594009399e-01,-3.177710473537445068e-01,2.614749670028686523e-01,2.944345176219940186e-01,-2.259001135826110840e-01,-1.299106180667877197e-01,-3.137983977794647217e-01,-4.339368045330047607e-01,2.061997354030609131e-01,-2.864273451268672943e-02,1.393044888973236084e-01,4.694524779915809631e-02,2.942324243485927582e-02,-3.203257024288177490e-01,6.341940909624099731e-02,6.558021996170282364e-03
4.233806580305099487e-02,4.168489277362823486e-01,2.521335482597351074e-01,-2.052147835493087769e-01,3.682507276535034180e-01,2.612356245517730713e-01,3.365822136402130127e-02,9.045984596014022827e-02,2.020952105522155762e-01,-4.048414900898933411e-02,1.559809148311614990e-01,1.916105002164840698e-01,-1.936310976743698120e-01,-4.063327312469482422e-01,1.012451425194740295e-01,3.598854839801788330e-01,1.303894072771072388e-01,-3.218528032302856445e-01,3.040553033351898193e-01,2.759331166744232178e-01,5.026545003056526184e-02,1.678657531738281250e-01
-2.583717405796051025e-01,2.077378183603286743e-01,-5.220024660229682922e-02,2.350783161818981171e-02,-1.420644521713256836e-01,-2.699405550956726074e-01,-5.746077001094818115e-02,-2.120228111743927002e-02,-2.034165412187576294e-01,-2.454669177532196045e-01,-6.136069074273109436e-03,-1.271505057811737061e-01,7.335747778415679932e-02,-9.545311331748962402e-02,1.457072049379348755e-01,-1.061533316969871521e-01,-1.124201565980911255e-01,4.565064609050750732e-01,-4.978557825088500977e-01,2.696547806262969971e-01,-2.315212637186050415e-01,1.910946518182754517e-01
