0.000000000000000000e+00
3.118734508627020994e-04
5.868611494129583961e-04
7.464728004935588948e-04
9.172569366298524273e-04
1.148090799599414506e-03
1.402764792877522889e-03
1.496992531974857552e-03
1.680819479889670166e-03
1.801204990920128330e-03
1.965909531438348682e-03
2.067758978979279422e-03
2.236900615145629746e-03
2.418306540409122241e-03
2.593244693260809194e-03
2.757030318580281237e-03
3.009788435850143957e-03
3.118259872036702792e-03
3.244051961851312105e-03
3.390702836760022595e-03
3.558161258027825024e-03
3.757253476148696321e-03
3.978721335950358845e-03
4.219418977762246122e-03
4.495956311658710729e-03
4.820269426548064520e-03
5.147280760045475946e-03
5.576345084107571515e-03
5.904222770503068235e-03
6.391971495865801309e-03
6.959389808643847049e-03
7.631942114506512845e-03
8.467494416423252540e-03
9.280938218646058585e-03
9.704680096718968155e-03
1.034451142254273759e-02
1.097025339176034044e-02
1.282819715940242307e-02
9.042543123522615856e-03
6.015588282289353883e-03
4.646142183423958988e-03
3.583190027753267552e-03
2.881185360224932431e-03
2.279029997095539939e-03
1.862882696588059319e-03
1.493275120494789998e-03
1.213269516822479020e-03
9.586577007366339949e-04
7.690223597951805845e-04
5.961779561823962086e-04
4.658982984677453279e-04
3.465582276100367867e-04
2.522618890257507921e-04
1.654122576061465460e-04
9.913456590937403897e-05
3.488984325668976040e-05
0.000000000000000000e+00
0.000000000000000000e+00
1.097885325484124295e-03
1.013410745797500758e-03
9.556491893102800556e-04
9.074705232469421502e-04
8.729929612816708607e-04
8.440346108466905209e-04
8.227736634814359750e-04
8.056837379176677973e-04
7.941770321997998700e-04
7.861647212833044627e-04
7.838901454126947750e-04
7.879239575451838212e-04
7.948578820675292027e-04
8.054447435831695338e-04
8.189930235117937052e-04
8.333939608685325077e-04
8.512570137375662181e-04
8.709370731946918572e-04
8.914721994060186396e-04
9.121067020184664550e-04
9.358077010357931979e-04
9.596898342161453875e-04
9.868896975277292784e-04
1.015144114823201237e-03
1.040809456654706415e-03
1.066950581799973319e-03
1.086535080600616260e-03
1.101618681668908124e-03
1.114472929637927000e-03
1.128779845556258585e-03
1.133140092050170800e-03
1.139856879522141604e-03
1.145782757768043763e-03
1.144685623935430118e-03
1.141526353971818349e-03
1.126502052195546425e-03
1.118256883086810689e-03
1.093605108170963821e-03
1.050208899571034591e-03
9.703855998275995234e-04
8.905896054864682627e-04
8.112856056983153109e-04
7.086737302069701355e-04
6.227416333014023199e-04
5.331015717827035589e-04
4.620224139721660923e-04
3.233205216454035640e-04
2.675010135300461045e-06
2.238212042414374736e-05
4.173578901605623222e-05
5.974040548864931112e-05
7.676144598712989593e-05
9.200274241486213552e-05
1.056180730392449987e-04
1.170007305563647770e-04
1.279650174986502462e-04
1.359850083318793284e-04
1.442521700995296635e-04
1.500413422611785006e-04
1.548181097599727924e-04
1.578689869088803022e-04
1.611780269884219893e-04
1.631688279159352109e-04
1.655161233034013627e-04
1.684409164099865308e-04
1.711068916452083760e-04
1.731182783146672567e-04
1.751606042388515773e-04
1.770361488862219450e-04
1.782540507413072923e-04
1.787296030653878591e-04
1.772881160297940634e-04
1.749542606494993314e-04
1.712414229610933233e-04
1.661921514015601907e-04
1.594348159952661402e-04
1.517544059949439196e-04
1.428009009603948870e-04
1.334508196158858400e-04
1.231151119796307304e-04
1.127906169655252546e-04
1.020542139700759873e-04
9.151040135222117508e-05
8.120359491473559937e-05
7.125710690392787479e-05
6.156294963831163570e-05
5.233520838963503564e-05
4.379426886249755397e-05
3.579035102510096219e-05
2.857412448733007956e-05
2.206558294525767799e-05
1.585486047786218225e-05
8.869524365823998449e-06
