5.290713161230087280e-03
-9.848276153206825256e-03
3.974217548966407776e-02
1.474932301789522171e-02
4.466404672712087631e-03
-1.667193137109279633e-02
-7.742944173514842987e-03
1.037231739610433578e-02
2.978355810046195984e-02
1.109542138874530792e-02
-6.624016910791397095e-03
-1.198173779994249344e-02
1.502004917711019516e-02
-5.080785602331161499e-03
-1.967216283082962036e-02
6.428471300750970840e-03
3.555848728865385056e-03
2.100573480129241943e-02
-2.060034126043319702e-02
9.387724567204713821e-04
1.893932186067104340e-02
1.375540439039468765e-02
-2.663552388548851013e-02
1.754060573875904083e-02
1.029006671160459518e-02
2.702475897967815399e-02
2.315961197018623352e-02
-1.536039076745510101e-02
1.816712319850921631e-02
-3.711919859051704407e-02
1.757106557488441467e-02
-2.547925151884555817e-02
-2.096346206963062286e-02
3.159745037555694580e-02
2.333931252360343933e-02
1.237604208290576935e-02
-2.755826339125633240e-02
-5.885181948542594910e-03
-7.758591324090957642e-03
2.898075617849826813e-02
2.338373102247714996e-02
-7.029978558421134949e-03
-1.288357540033757687e-03
-1.602719537913799286e-02
-1.293225400149822235e-02
1.203908398747444153e-02
6.975030526518821716e-03
1.847291365265846252e-02
1.278733275830745697e-02
4.189554136246442795e-03
1.257452927529811859e-02
-2.085234224796295166e-02
-1.891218312084674835e-02
-1.442611590027809143e-02
-7.342447061091661453e-04
1.591563224792480469e-02
-1.103395782411098480e-02
-1.284567546099424362e-02
2.274340204894542694e-02
-2.337216027081012726e-02
-1.658968441188335419e-02
5.290647968649864197e-03
1.870738156139850616e-02
3.918510396033525467e-03
-2.427346631884574890e-02
5.575697403401136398e-03
-2.396973781287670135e-02
6.829178333282470703e-02
-1.236129458993673325e-02
1.847122423350811005e-02
-2.195071429014205933e-02
2.006692253053188324e-02
-8.191999979317188263e-03
-1.486187148839235306e-02
3.680912032723426819e-02
-1.464047655463218689e-02
2.753673866391181946e-02
-2.263662405312061310e-02
4.648957110475748777e-05
1.747347973287105560e-02
1.972323661902919412e-04
4.166781902313232422e-03
-1.219522394239902496e-02
3.230962157249450684e-02
1.845389977097511292e-02
-1.792200095951557159e-02
1.144809275865554810e-02
4.524408280849456787e-02
-1.093834266066551208e-02
-1.477558817714452744e-02
9.090799838304519653e-03
-4.091643728315830231e-03
1.659083366394042969e-02
-2.190653048455715179e-02
1.758582144975662231e-02
-1.278656255453824997e-02
1.191257219761610031e-02
3.217386547476053238e-03
-2.210712991654872894e-02
