6.176707893610000610e-02
-5.802710354328155518e-02
-1.100308075547218323e-02
5.971471220254898071e-02
-5.647943541407585144e-02
1.561115309596061707e-02
-6.777243316173553467e-02
1.916012354195117950e-02
3.467527776956558228e-02
-4.152321070432662964e-02
1.715375808998942375e-03
2.545810490846633911e-02
2.396002598106861115e-02
-1.453316491097211838e-02
-1.591853797435760498e-02
1.725075952708721161e-02
2.153800800442695618e-02
5.610083416104316711e-02
5.172476172447204590e-02
-5.810858681797981262e-02
5.425831675529479980e-02
-5.185953155159950256e-02
-6.195215508341789246e-02
-5.516777187585830688e-02
4.348128288984298706e-02
7.370230741798877716e-03
5.805201828479766846e-02
5.873867124319076538e-02
-6.189715117216110229e-02
5.301940068602561951e-02
-5.965029075741767883e-02
-5.620139092206954956e-02
4.950822517275810242e-02
4.364414140582084656e-02
1.425841543823480606e-02
2.770199440419673920e-02
-1.673748902976512909e-02
5.772136151790618896e-02
-6.192938610911369324e-02
-5.240602791309356689e-02
3.689338266849517822e-02
-4.113867878913879395e-02
5.488032475113868713e-02
4.748151451349258423e-02
-3.918100148439407349e-02
-5.562461912631988525e-02
3.640049323439598083e-02
-5.654415488243103027e-02
4.974509030580520630e-02
5.955680087208747864e-02
-6.056898832321166992e-02
5.227349698543548584e-02
3.623154014348983765e-02
-2.659121528267860413e-02
-3.596704825758934021e-02
4.510524496436119080e-02
3.460349515080451965e-02
-4.983387887477874756e-02
-4.356887191534042358e-02
-3.959706425666809082e-02
7.032147794961929321e-02
1.822482980787754059e-02
6.034279614686965942e-02
-2.822299860417842865e-02
-6.853950768709182739e-02
-1.771701686084270477e-02
-5.634190887212753296e-02
6.160076707601547241e-02
-6.696923077106475830e-02
-2.667664922773838043e-02
4.978940635919570923e-02
4.973060637712478638e-02
5.035720765590667725e-02
6.034024804830551147e-02
1.620526611804962158e-02
-7.305288314819335938e-02
-5.081400647759437561e-02
-3.049925155937671661e-02
6.025309860706329346e-02
8.667403832077980042e-03
4.063749685883522034e-02
-4.302121698856353760e-02
4.700594767928123474e-02
-6.174755468964576721e-02
-5.606898665428161621e-02
3.069784678518772125e-02
3.991843387484550476e-02
5.617173761129379272e-02
5.769201368093490601e-02
-6.474796682596206665e-02
2.463588677346706390e-02
-6.112555414438247681e-02
-4.731132090091705322e-02
-3.319614008069038391e-02
-4.466031119227409363e-02
5.263746529817581177e-02
-7.327705621719360352e-02
-5.339548736810684204e-02
6.622096896171569824e-02
4.041103646159172058e-02
-5.228520184755325317e-02
2.539509348571300507e-02
3.697048500180244446e-02
-3.716473653912544250e-02
-3.758817166090011597e-02
6.094888225197792053e-02
1.007645856589078903e-02
4.460149630904197693e-02
5.951430276036262512e-02
5.254568159580230713e-02
-3.638503327965736389e-02
