5.018571764230728149e-02
-4.589173570275306702e-02
-4.314974695444107056e-02
2.592373266816139221e-02
-4.434447363018989563e-02
2.123120054602622986e-02
-4.994789883494377136e-02
1.389635074883699417e-02
2.899594046175479889e-02
-4.156153276562690735e-02
1.609708741307258606e-02
8.643225766718387604e-03
1.899744756519794464e-02
-1.556046400219202042e-02
1.809435081668198109e-03
9.647645056247711182e-03
1.623192802071571350e-02
3.632532060146331787e-02
3.387477621436119080e-02
-3.245201334357261658e-02
2.925334870815277100e-02
-2.306261286139488220e-02
-4.355493560433387756e-02
-2.432139031589031219e-02
2.663491480052471161e-02
1.422898564487695694e-02
4.455860331654548645e-02
3.906508162617683411e-02
-5.151177197694778442e-02
3.911050036549568176e-02
-3.976722061634063721e-02
-4.573942720890045166e-02
1.782668195664882660e-02
2.896040678024291992e-02
3.069978766143321991e-02
9.017041884362697601e-03
-3.555790334939956665e-02
4.256667196750640869e-02
-5.058895796537399292e-02
-4.844698682427406311e-02
3.553015366196632385e-02
-4.271146282553672791e-02
4.125608503818511963e-02
3.155556693673133850e-02
-6.899566389620304108e-03
-2.893143519759178162e-02
8.568751625716686249e-03
-3.550434857606887817e-02
3.560997545719146729e-02
4.155916348099708557e-02
1.428769464837387204e-04
3.789391368627548218e-02
2.197088673710823059e-02
6.133324466645717621e-03
-4.474091529846191406e-02
4.309296980500221252e-02
2.559162676334381104e-02
-3.550301492214202881e-02
-3.313010558485984802e-02
-1.209253631532192230e-02
1.105884611606597900e-01
1.175611000508069992e-02
5.096246674656867981e-02
-3.014523535966873169e-02
-5.232765153050422668e-02
-1.184040494263172150e-02
-4.606729000806808472e-02
2.589858509600162506e-02
-4.747665673494338989e-02
-3.340453654527664185e-02
2.597297914326190948e-02
1.471380237489938736e-02
4.412395134568214417e-02
4.953618347644805908e-02
1.680749841034412384e-02
-3.998469933867454529e-02
-4.553417488932609558e-02
-2.500148676335811615e-02
1.460347883403301239e-02
5.288093816488981247e-03
4.345658421516418457e-02
-1.144747529178857803e-02
2.961254306137561798e-02
-3.739011660218238831e-02
-3.353033959865570068e-02
1.827517524361610413e-02
1.744909770786762238e-02
4.273281618952751160e-02
3.623238950967788696e-02
-4.552301019430160522e-02
2.201495692133903503e-02
-3.235694020986557007e-02
-4.247482493519783020e-02
-8.910388685762882233e-03
-2.317089214920997620e-02
5.466448143124580383e-02
-5.249940603971481323e-02
-1.634892262518405914e-02
5.481548979878425598e-02
5.313130095601081848e-03
-4.480603337287902832e-02
3.657364100217819214e-02
3.981690853834152222e-02
-3.809224441647529602e-02
-3.261605650186538696e-02
4.551981762051582336e-02
3.997823223471641541e-02
3.772766515612602234e-02
4.175618663430213928e-02
4.313882067799568176e-02
-2.254857495427131653e-02
