6
7
8
9
10
11
12
19
20
21
22
23
24
25
32
33
34
35
36
37
38
46
47
48
49
50
51
60
61
62
63
64
73
74
75
76
77
87
88
89
90
100
101
102
103
113
114
115
116
126
127
128
129
140
141
142
153
154
155
166
167
168
179
180
181
193
194
206
207
214
215
216
217
218
219
220
228
229
230
231
232
233
241
242
243
244
245
246
255
256
257
258
259
268
269
270
271
272
282
283
284
285
295
296
297
298
308
309
310
311
322
323
324
335
336
337
348
349
350
361
362
363
374
375
376
388
389
401
402
414
415
423
424
425
426
427
428
436
437
438
439
440
441
449
450
451
452
453
454
463
464
465
466
467
477
478
479
480
490
491
492
493
504
505
506
517
518
519
530
531
532
543
544
545
556
557
558
570
571
583
584
596
597
609
610
623
632
633
634
635
636
645
646
647
648
649
658
659
660
661
662
672
673
674
675
685
686
687
688
699
700
701
712
713
714
725
726
727
738
739
740
751
752
753
765
766
778
779
791
792
804
805
818
831
840
841
842
843
844
853
854
855
856
857
867
868
869
870
880
881
882
883
894
895
896
907
908
909
920
921
922
933
934
935
947
948
960
961
973
974
986
987
999
1000
1013
1026
1039
1049
1050
1051
1052
1062
1063
1064
1065
1075
1076
1077
1078
1089
1090
1091
1102
1103
1104
1115
1116
1117
1129
1130
1142
1143
1155
1156
1168
1169
1181
1182
1194
1195
1208
1221
1234
1257
1258
1259
1260
1270
1271
1272
1273
1284
1285
1286
1297
1298
1299
1310
1311
1312
1324
1325
1337
1338
1350
1351
1363
1364
1376
1377
1389
1390
1403
1416
1429
1466
1467
1468
1479
1480
1481
1492
1493
1494
1506
1507
1519
1520
1532
1533
1545
1546
1558
1559
1571
1572
1585
1598
1611
1624
1637
1661
1662
1663
1674
1675
1676
1688
1689
1701
1702
1714
1715
1727
1728
1741
1754
1767
1780
1793
1806
1857
1858
1870
1871
1883
1884
1897
1910
1923
1936
1949
1962
1975
1988
2039
2040
2052
2053
2066
2079
2092
2105
2118
2131
2144
2208
2209
2222
2235
2248
2261
2274
2287
2300
2365
2378
2391
2508
2521
