0
1
2
3
4
5
6
7
8
9
10
11
12
13
14
15
16
17
18
19
20
21
22
23
24
25
26
27
28
29
30
31
32
33
34
35
36
37
38
40
41
42
43
44
45
46
47
48
49
50
51
53
54
55
56
57
58
59
60
61
62
63
64
67
68
69
70
71
72
73
74
75
76
77
82
83
84
85
86
87
88
89
90
96
97
98
99
100
101
102
103
111
112
113
114
115
116
125
126
127
128
129
139
140
141
142
152
153
154
155
166
167
168
179
180
181
193
194
207
210
211
212
213
214
215
216
217
218
219
220
223
224
225
226
227
228
229
230
231
232
233
236
237
238
239
240
241
242
243
244
245
246
249
251
252
253
254
255
256
257
258
259
262
264
265
266
267
268
269
270
271
272
278
279
280
281
282
283
284
285
291
292
293
294
295
296
297
298
306
307
308
309
310
311
320
321
322
323
324
333
334
335
336
337
347
348
349
350
361
362
363
374
375
376
388
389
401
402
415
420
421
422
423
424
425
426
427
428
433
434
435
436
437
438
439
440
441
446
447
448
449
450
451
452
453
454
460
461
462
463
464
465
466
467
473
474
475
476
477
478
479
480
487
488
489
490
491
492
493
500
501
502
503
504
505
506
515
516
517
518
519
528
529
530
531
532
542
543
544
545
556
557
558
569
570
571
583
584
596
597
610
629
630
631
632
633
634
635
636
642
643
644
645
646
647
648
649
655
656
657
658
659
660
661
662
668
669
670
671
672
673
674
675
682
683
684
685
686
687
688
696
697
698
699
700
701
710
711
712
713
714
723
724
725
726
727
737
738
739
740
751
752
753
764
765
766
778
779
791
792
805
818
838
839
840
841
842
843
844
851
852
853
854
855
856
857
864
865
866
867
868
869
870
877
878
879
880
881
882
883
891
892
893
894
895
896
905
906
907
908
909
918
919
920
921
922
932
933
934
935
946
947
948
959
960
961
973
974
986
987
1000
1013
1047
1048
1049
1050
1051
1052
1060
1061
1062
1063
1064
1065
1073
1074
1075
1076
1077
1078
1086
1087
1088
1089
1090
1091
1100
1101
1102
1103
1104
1113
1114
1115
1116
1117
1127
1128
1129
1130
1141
1142
1143
1154
1155
1156
1167
1168
1169
1181
1182
1194
1195
1208
1256
1257
1258
1259
1260
1269
1270
1271
1272
1273
1282
1283
1284
1285
1286
1295
1296
1297
1298
1299
1308
1309
1310
1311
1312
1322
1323
1324
1325
1336
1337
1338
1349
1350
1351
1362
1363
1364
1376
1377
1389
1390
1403
1416
1443
1465
1466
1467
1468
1478
1479
1480
1481
1491
1492
1493
1494
1504
1505
1506
1507
1517
1518
1519
1520
1531
1532
1533
1544
1545
1546
1558
1559
1571
1572
1584
1585
1598
1611
1625
1638
1651
1652
1673
1674
1675
1676
1686
1687
1688
1689
1700
1701
1702
1713
1714
1715
1726
1727
1728
1740
1741
1753
1754
1766
1767
1780
1793
1820
1833
1846
1847
1859
1860
1882
1883
1884
1895
1896
1897
1908
1909
1910
1922
1923
1935
1936
1948
1949
1962
1975
1988
2015
2028
2041
2042
2054
2055
2067
2068
2091
2092
2104
2105
2117
2118
2130
2131
2132
2144
2157
2170
2183
2210
2223
2236
2237
2249
2250
2262
2263
2287
2300
2313
2326
2339
2352
2392
2405
2431
2432
2444
2445
2457
2458
2470
2471
2495
2508
2587
2600
2613
2626
2627
2639
2640
2652
2653
2665
2666
2678
2679
2683
2782
2795
2796
2808
2809
2821
2822
2834
2835
2847
2848
2860
2861
2865
2873
2874
2876
2877
2878
2951
2964
2965
2977
2990
2991
3003
3004
3016
3017
3029
3030
3042
3043
3055
3056
3058
3059
3060
3068
3069
3071
3072
3073
3074
