-5.919355154037475586e-02
1.275949366390705109e-02
6.202038004994392395e-02
-1.603579223155975342e-01
-1.291967630386352539e-01
-2.281812429428100586e-01
3.567525371909141541e-02
-2.920374274253845215e-02
2.774451971054077148e-01
9.461016952991485596e-02
-1.845098584890365601e-01
2.657316811382770538e-02
-1.321843564510345459e-01
-9.246086329221725464e-02
-1.027834862470626831e-01
-4.673235863447189331e-02
-1.478736996650695801e-01
-1.071173995733261108e-01
-2.258410304784774780e-01
3.457807376980781555e-02
-1.531497985124588013e-01
-1.775521039962768555e-01
8.556251972913742065e-02
-1.283041387796401978e-01
1.180660724639892578e-01
1.363175082951784134e-02
1.432321220636367798e-01
1.210326701402664185e-01
-3.630433231592178345e-02
4.923400655388832092e-02
-1.259679347276687622e-01
-8.004341274499893188e-02
-1.630284935235977173e-01
-9.996334463357925415e-02
-2.680168151855468750e-01
-2.676445841789245605e-01
-2.896965146064758301e-01
-2.312783151865005493e-01
-2.272137627005577087e-02
-7.941522449254989624e-02
1.460609585046768188e-02
-5.422322824597358704e-02
-8.754071593284606934e-02
-1.689534038305282593e-01
-3.109024651348590851e-02
8.531982451677322388e-02
-2.598449289798736572e-01
1.676677763462066650e-01
-5.422908440232276917e-02
-4.125975817441940308e-02
-1.076962053775787354e-01
1.683678478002548218e-01
5.668608844280242920e-02
2.131098806858062744e-01
2.221950292587280273e-01
1.194182634353637695e-01
-7.183710485696792603e-02
2.125360518693923950e-01
-4.040828719735145569e-02
5.356164649128913879e-02
4.632269963622093201e-02
-7.193715125322341919e-02
-7.874516770243644714e-03
-3.681322559714317322e-02
-2.836208939552307129e-01
8.805168420076370239e-02
-1.174040734767913818e-01
-2.025862634181976318e-01
1.528837084770202637e-01
-3.581735491752624512e-02
8.173202723264694214e-02
-1.521041430532932281e-02
1.003823280334472656e-01
1.699614524841308594e-01
1.031406456604599953e-03
-6.736676394939422607e-02
-2.284904122352600098e-01
-2.057041376829147339e-01
1.154484748840332031e-01
9.731554985046386719e-02
-2.555436193943023682e-01
-5.943815223872661591e-03
1.377337872982025146e-01
-3.689855337142944336e-02
-1.693064272403717041e-01
1.784979365766048431e-02
2.538301050662994385e-01
1.296723634004592896e-01
2.992731519043445587e-02
-1.600210815668106079e-01
3.620326519012451172e-02
-1.849453151226043701e-01
-1.265518516302108765e-01
-1.388560533523559570e-01
5.152602121233940125e-02
-2.166623324155807495e-01
9.930888563394546509e-02
-3.601051168516278267e-03
-1.425307691097259521e-01
1.361357569694519043e-01
-2.385388761758804321e-01
1.419094651937484741e-01
-6.246897857636213303e-03
-2.929248474538326263e-02
7.113093882799148560e-02
-1.200967840850353241e-02
-1.034923419356346130e-01
-9.174066036939620972e-02
-3.775245696306228638e-02
-2.948694229125976562e-01
-7.718481123447418213e-03
-1.729737073183059692e-01
9.419831633567810059e-02
3.868356347084045410e-02
-1.189334467053413391e-01
4.242900758981704712e-02
1.100287437438964844e-01
-1.285507827997207642e-01
-1.207236759364604950e-02
-5.922521650791168213e-02
3.615017980337142944e-02
6.312126293778419495e-03
-1.495397239923477173e-01
6.452887505292892456e-02
1.019546911120414734e-01
-1.185639575123786926e-01
8.254250138998031616e-02
-7.747010886669158936e-02
-1.187053397297859192e-01
-2.818891033530235291e-02
4.463632777333259583e-02
-7.271398790180683136e-03
-1.964549124240875244e-01
-1.761340498924255371e-01
-1.812774389982223511e-01
-2.475106120109558105e-01
-1.126020997762680054e-01
5.547619611024856567e-02
-1.377713978290557861e-01
1.558212488889694214e-01
2.777903378009796143e-01
3.425896763801574707e-01
-1.539840102195739746e-01
-1.172448880970478058e-02
6.884802132844924927e-02
4.574171453714370728e-02
-1.191005930304527283e-01
-1.007601502351462841e-03
2.083985693752765656e-02
-1.740345060825347900e-01
2.052427232265472412e-01
-1.499401926994323730e-01
-1.191394627094268799e-01
-2.158491872251033783e-02
1.275777667760848999e-01
-1.447058022022247314e-01
1.237338967621326447e-02
-7.664512842893600464e-02
-1.459994260221719742e-02
5.513344705104827881e-02
-1.509097684174776077e-02
