4.052799195051193237e-02
-3.005779907107353210e-02
-1.815490191802382469e-03
4.185448214411735535e-02
4.628486558794975281e-02
-2.664857544004917145e-02
8.568408899009227753e-03
-2.702268771827220917e-02
3.203640133142471313e-02
3.358419984579086304e-02
-1.688746968284249306e-03
-1.851751096546649933e-02
-2.884767018258571625e-02
2.156925946474075317e-02
1.608509570360183716e-02
2.288961037993431091e-02
3.903244063258171082e-02
-5.941862612962722778e-02
3.846497507765889168e-03
-2.648919820785522461e-02
2.229070477187633514e-02
3.170112147927284241e-02
3.093902394175529480e-02
2.545534633100032806e-02
-2.001304383156821132e-04
1.087794825434684753e-02
-2.507409080862998962e-03
-4.360342025756835938e-02
3.184285014867782593e-02
-4.332977905869483948e-02
-1.084394529461860657e-01
2.564201503992080688e-02
6.259448826313018799e-02
2.066784538328647614e-02
-6.226622033864259720e-03
2.073170803487300873e-02
-4.289157316088676453e-02
-3.816876560449600220e-02
7.228076457977294922e-02
2.179668471217155457e-02
-1.003052741289138794e-01
4.318692162632942200e-02
1.848590187728404999e-02
1.389016769826412201e-02
1.547443959861993790e-02
3.688425943255424500e-02
-2.268967404961585999e-02
6.927606463432312012e-02
1.738660410046577454e-02
-7.002858072519302368e-02
3.623509407043457031e-02
4.523635283112525940e-02
1.217202004045248032e-02
-6.459929049015045166e-02
-4.475364834070205688e-02
5.013176426291465759e-02
1.522927172482013702e-02
-3.006798401474952698e-02
2.965884096920490265e-02
-2.438080729916691780e-03
-2.038518578046932817e-04
1.007346063852310181e-02
2.966023795306682587e-02
1.251220051199197769e-02
1.911045052111148834e-02
7.159605622291564941e-03
-1.840757764875888824e-02
4.512579366564750671e-02
-7.219735532999038696e-02
-1.180223282426595688e-02
3.548375517129898071e-02
3.923255205154418945e-02
1.841128431260585785e-02
3.232802823185920715e-02
-1.794254593551158905e-02
-2.488800324499607086e-02
-3.910205513238906860e-02
-4.228429496288299561e-02
-5.704981833696365356e-02
2.548858709633350372e-02
2.259114757180213928e-02
-6.980141252279281616e-02
2.890545316040515900e-02
4.062196612358093262e-02
-5.796156823635101318e-02
-3.555092588067054749e-02
4.027996212244033813e-02
2.209409885108470917e-02
-3.241538256406784058e-02
6.230972707271575928e-02
3.750381618738174438e-02
1.236569602042436600e-02
3.659718483686447144e-02
2.706084772944450378e-02
3.851528465747833252e-02
2.256390266120433807e-02
2.255334518849849701e-02
2.585925161838531494e-02
2.878632396459579468e-02
4.114490747451782227e-02
-1.608268357813358307e-02
-3.384213522076606750e-02
4.581600800156593323e-02
4.549393057823181152e-02
3.270293027162551880e-02
-3.134500980377197266e-02
-2.610762603580951691e-02
-4.996518418192863464e-02
3.817889094352722168e-02
-6.828556209802627563e-02
-4.017886146903038025e-02
