5.887184757739305496e-03
-3.300527750980108976e-04
-1.523441541939973831e-02
3.380465880036354065e-02
6.244434043765068054e-03
2.361742220818996429e-02
-1.281776279211044312e-02
2.922683767974376678e-02
7.186780683696269989e-03
2.820462919771671295e-02
1.598078571259975433e-02
-2.655005082488059998e-02
-1.668710028752684593e-03
5.427207797765731812e-03
1.626388356089591980e-02
6.559328734874725342e-02
-3.089961223304271698e-02
2.339879423379898071e-02
-3.070688061416149139e-02
-3.833071561530232430e-03
-2.775271050631999969e-02
2.466806024312973022e-02
