1.207565143704414368e-02
-6.657121237367391586e-03
1.486462913453578949e-02
-3.436849219724535942e-03
-4.082366451621055603e-02
-9.561610221862792969e-02
-2.024132013320922852e-02
-3.314118459820747375e-02
-1.661011725664138794e-01
-9.325601160526275635e-02
-3.236504271626472473e-02
-3.501316532492637634e-02
3.703676536679267883e-02
-4.470128566026687622e-02
2.648845128715038300e-02
-1.256399899721145630e-01
-8.059653639793395996e-02
5.325912311673164368e-02
-2.724616602063179016e-02
7.034049183130264282e-02
7.444257289171218872e-02
1.047450304031372070e-02
1.054386571049690247e-01
-1.085953041911125183e-01
1.855920702219009399e-01
-6.171529740095138550e-02
-4.544955864548683167e-02
-3.848958015441894531e-02
1.297858208417892456e-01
-1.388992648571729660e-02
-2.615411300212144852e-03
-2.333960235118865967e-01
-1.607932448387145996e-01
-2.037062123417854309e-02
-7.796828448772430420e-02
-7.317109405994415283e-02
-6.106192991137504578e-02
-1.335085630416870117e-01
-1.791757345199584961e-01
-1.718451380729675293e-01
-3.549179434776306152e-02
2.110153436660766602e-02
7.817290723323822021e-02
-8.758798986673355103e-02
-1.008247658610343933e-01
-7.361512631177902222e-02
1.206061337143182755e-02
1.541820820420980453e-02
-2.113870084285736084e-01
6.347442418336868286e-02
-1.625918410718441010e-02
5.053994432091712952e-02
1.603606492280960083e-01
6.302407942712306976e-03
5.989912897348403931e-02
6.639993190765380859e-02
-3.135203942656517029e-02
-7.530939765274524689e-03
-3.485957905650138855e-02
-5.882846936583518982e-02
-5.160028114914894104e-02
-4.140268266201019287e-02
1.083748787641525269e-01
-1.057936847209930420e-01
1.793649047613143921e-02
-1.157997325062751770e-01
3.314041718840599060e-02
-1.700452864170074463e-01
-1.585596613585948944e-02
8.103846758604049683e-02
-1.534473448991775513e-01
-1.105563417077064514e-01
1.027471870183944702e-01
1.073534041643142700e-01
8.057856559753417969e-02
8.948975801467895508e-02
-7.400338351726531982e-02
-5.022221803665161133e-02
2.024238184094429016e-02
1.484481990337371826e-01
-1.007475256919860840e-01
-3.077139146625995636e-02
1.016637608408927917e-01
-1.417511329054832458e-02
-9.330136328935623169e-02
-1.392939239740371704e-01
-6.517963111400604248e-02
2.067526131868362427e-01
-6.045935675501823425e-02
-1.991692781448364258e-01
-1.854497194290161133e-01
5.105526745319366455e-02
-4.472032561898231506e-02
2.579919528216123581e-03
-2.103279531002044678e-02
-1.907022595405578613e-01
-4.505546018481254578e-02
6.000715121626853943e-02
-3.103994764387607574e-02
1.554652601480484009e-01
-2.786966226994991302e-02
-2.264271825551986694e-01
-7.796354591846466064e-02
-6.322240084409713745e-02
-2.438246011734008789e-01
5.339724197983741760e-02
-1.101431548595428467e-01
-1.507101356983184814e-01
-1.797895692288875580e-02
-1.593268513679504395e-01
5.184855684638023376e-02
-5.621466320008039474e-03
-7.044199109077453613e-02
-1.141981184482574463e-01
-9.683044999837875366e-02
1.207223832607269287e-01
1.920158863067626953e-01
-5.705436225980520248e-03
-1.110903471708297729e-01
-1.488794088363647461e-01
-2.015852630138397217e-01
-7.298975437879562378e-02
-2.511987090110778809e-02
-8.231741189956665039e-02
-9.284759312868118286e-02
-1.668258160352706909e-01
-3.356587141752243042e-02
-2.343751722946763039e-03
-6.091338768601417542e-02
-1.009525507688522339e-01
9.695879369974136353e-02
1.027463842183351517e-02
1.533286869525909424e-01
