7.617108523845672607e-02
-1.413374580442905426e-02
5.989351309835910797e-03
-1.764702424407005310e-02
9.283440560102462769e-02
1.259053349494934082e-01
-2.105343900620937347e-02
-5.466524511575698853e-02
-2.058753371238708496e-02
-1.678746640682220459e-01
9.554428607225418091e-02
-5.292791873216629028e-02
-1.218758821487426758e-01
5.275362730026245117e-02
3.369371220469474792e-02
-9.295769035816192627e-02
-7.644587755203247070e-02
1.196408644318580627e-01
1.553308516740798950e-01
-1.108645871281623840e-01
-4.573107510805130005e-02
2.435894310474395752e-02
-3.388240933418273926e-02
-4.073078930377960205e-02
6.975966040045022964e-03
-1.150491759181022644e-01
-1.369680166244506836e-01
1.093817055225372314e-01
1.746677793562412262e-02
1.292998157441616058e-02
-1.028102412819862366e-01
-2.992777898907661438e-02
-5.983388051390647888e-02
2.826449647545814514e-02
3.189975023269653320e-02
6.639441102743148804e-02
-5.451270565390586853e-02
3.682173788547515869e-02
-8.609902113676071167e-03
1.601243168115615845e-01
6.955298036336898804e-02
7.662593573331832886e-02
-9.911864250898361206e-02
-6.389025598764419556e-02
1.296466775238513947e-02
-1.025435701012611389e-01
6.760308891534805298e-02
-1.385717540979385376e-01
5.524605885148048401e-02
-1.584551110863685608e-02
-7.793850451707839966e-02
-8.998316526412963867e-02
3.859886899590492249e-02
6.303364038467407227e-02
-1.383522152900695801e-01
-8.291048556566238403e-02
1.446652412414550781e-02
4.634044691920280457e-02
1.959334686398506165e-02
-1.091407909989356995e-01
4.787058010697364807e-02
-4.204260557889938354e-02
4.292491078376770020e-02
7.738797366619110107e-02
3.530361875891685486e-02
-5.766245722770690918e-02
-8.745164424180984497e-02
4.954811185598373413e-02
3.117120638489723206e-02
5.565443262457847595e-02
-1.065743342041969299e-01
-7.857462763786315918e-02
-6.907103210687637329e-02
3.666226565837860107e-02
-6.207049824297428131e-03
7.223441451787948608e-02
-1.238427311182022095e-02
-5.684106051921844482e-02
-1.034196931868791580e-03
1.773202791810035706e-02
-7.573746889829635620e-02
4.196860827505588531e-03
3.831957653164863586e-02
5.129604414105415344e-02
-4.093982279300689697e-02
-5.077436566352844238e-02
7.078528404235839844e-02
-4.087788611650466919e-02
9.773284941911697388e-02
-8.954616263508796692e-03
-1.266595162451267242e-02
5.338978022336959839e-02
3.335068002343177795e-03
-1.307336986064910889e-01
-4.254890978336334229e-02
3.844800591468811035e-02
-4.422727972269058228e-02
-2.478921785950660706e-03
4.745183885097503662e-02
-7.225576043128967285e-02
-4.753809794783592224e-02
-2.399400621652603149e-02
-4.334523528814315796e-02
-1.057460308074951172e-01
1.242678835988044739e-01
3.284154087305068970e-02
6.335145980119705200e-02
1.559222489595413208e-02
1.479980945587158203e-01
-1.176905035972595215e-01
6.428904831409454346e-03
-4.973552376031875610e-02
-1.269171014428138733e-02
5.770091339945793152e-02
-5.991674214601516724e-02
2.390369400382041931e-02
4.101612418889999390e-02
8.238544315099716187e-02
-6.625538319349288940e-02
-1.134859398007392883e-02
-2.661847695708274841e-02
6.247028335928916931e-02
-3.942419588565826416e-02
1.568717807531356812e-01
1.320751290768384933e-02
1.035446766763925552e-02
-9.826388210058212280e-02
2.351654879748821259e-02
7.855587452650070190e-02
-8.348345756530761719e-02
8.841364830732345581e-02
8.710518479347229004e-02
8.667227625846862793e-02
