4.724394157528877258e-02
3.297929093241691589e-02
2.845317497849464417e-02
-4.376100003719329834e-02
-9.365756064653396606e-02
-9.163283556699752808e-02
1.667879521846771240e-02
2.200266905128955841e-02
-1.242092400789260864e-01
-1.042444724589586258e-03
-4.629201255738735199e-03
-4.308288544416427612e-02
6.259145587682723999e-02
-1.204949989914894104e-02
5.419258773326873779e-02
-6.185302138328552246e-02
-2.334372512996196747e-02
5.817577987909317017e-02
-4.330806061625480652e-02
-1.435131859034299850e-02
-1.903913356363773346e-02
4.316337034106254578e-02
5.191605165600776672e-02
-8.385948091745376587e-02
5.003075115382671356e-03
-1.629650592803955078e-03
-2.902022376656532288e-02
1.757721602916717529e-02
7.547675818204879761e-02
-6.945092976093292236e-02
2.543713152408599854e-02
-5.527310445904731750e-02
-1.001184731721878052e-01
-5.882032588124275208e-02
-7.532606273889541626e-02
-3.027403727173805237e-02
-5.669688060879707336e-02
-6.613068282604217529e-02
-9.819893538951873779e-02
-6.222337111830711365e-02
1.314565818756818771e-02
1.194135192781686783e-02
3.562173247337341309e-02
1.428735349327325821e-02
-9.606777876615524292e-02
-6.532894819974899292e-02
3.310207650065422058e-02
5.522848106920719147e-03
-1.191880181431770325e-01
3.123988583683967590e-02
9.893244132399559021e-03
1.746327057480812073e-02
1.177678182721138000e-01
4.735294356942176819e-02
-2.482593758031725883e-03
-2.099933847784996033e-02
-1.125924848020076752e-02
-2.669095061719417572e-02
1.081129908561706543e-02
-4.796589910984039307e-02
-3.460026904940605164e-02
-4.939718544483184814e-02
8.708339929580688477e-02
-2.992111071944236755e-02
2.247660979628562927e-02
1.832253672182559967e-02
-3.539125993847846985e-02
-1.114264503121376038e-01
-4.079642519354820251e-02
7.749652862548828125e-02
-6.985820829868316650e-02
-7.319360971450805664e-02
4.400147497653961182e-02
5.308021232485771179e-02
-2.708189003169536591e-02
-5.516008660197257996e-02
-3.317007049918174744e-02
2.042691921815276146e-03
6.291949003934860229e-02
1.347955316305160522e-01
-5.994031950831413269e-02
-5.234479159116744995e-02
5.023189634084701538e-02
-2.355792745947837830e-02
-4.796485230326652527e-02
-1.127214655280113220e-01
2.034180983901023865e-02
7.152845710515975952e-02
-1.739096827805042267e-02
-1.400836706161499023e-01
-7.302195578813552856e-02
5.017597973346710205e-02
-1.948637887835502625e-02
3.948599845170974731e-02
-3.520703315734863281e-02
-1.210719719529151917e-01
2.969853579998016357e-02
6.684529036283493042e-02
-4.750372841954231262e-02
6.769384443759918213e-02
1.813714206218719482e-02
-1.558295339345932007e-01
2.823034534230828285e-03
-1.435939688235521317e-03
-9.865524619817733765e-02
-3.830239921808242798e-02
-5.293089151382446289e-02
-3.884428739547729492e-02
3.088206052780151367e-02
-6.952596455812454224e-02
2.243028767406940460e-02
6.290721893310546875e-02
-5.383637174963951111e-02
-8.794680237770080566e-02
-3.444852679967880249e-02
-2.853342890739440918e-02
1.518395822495222092e-02
-4.190680757164955139e-02
-6.191999465227127075e-02
-7.281728088855743408e-02
-8.714020997285842896e-02
-1.736968569457530975e-02
-3.810348734259605408e-02
8.806917816400527954e-02
-6.060394272208213806e-02
-1.202387660741806030e-01
3.612689673900604248e-02
3.801407990977168083e-03
8.952344767749309540e-03
-6.192069873213768005e-02
-1.534572895616292953e-02
1.687618903815746307e-02
8.156047761440277100e-02
