-1.262315269559621811e-02
9.620344266295433044e-03
-9.608118794858455658e-03
2.227194979786872864e-02
3.245532885193824768e-02
5.707527976483106613e-03
3.325658664107322693e-02
5.989389121532440186e-02
-3.510601073503494263e-02
-4.175199568271636963e-02
-2.381258411332964897e-03
3.683059941977262497e-03
4.597204923629760742e-02
-1.322357542812824249e-02
4.114052280783653259e-02
-3.413190692663192749e-02
3.531166538596153259e-02
3.216288238763809204e-02
4.359910264611244202e-02
3.278160095214843750e-02
-2.953197434544563293e-02
7.792586460709571838e-03
