3.811930119991302490e-02
-2.538718283176422119e-02
-2.486455440521240234e-02
2.973236702382564545e-02
1.530040893703699112e-02
-2.746809506788849831e-03
-2.490982972085475922e-02
1.748741604387760162e-02
1.028627809137105942e-02
-1.900879293680191040e-02
-2.990163862705230713e-02
-2.146591246128082275e-02
2.835850045084953308e-02
-2.653546817600727081e-02
-5.622374359518289566e-03
-6.636765319854021072e-03
1.661073789000511169e-02
2.474598959088325500e-02
1.564197055995464325e-02
1.886568218469619751e-02
-2.382645569741725922e-02
-3.504719957709312439e-02
7.666869554668664932e-03
1.174323353916406631e-02
2.981531806290149689e-02
-3.188491612672805786e-02
2.426775917410850525e-02
-1.115776691585779190e-02
-3.685831651091575623e-02
2.142928354442119598e-02
2.018319442868232727e-02
-2.008807472884654999e-02
1.855744235217571259e-02
3.290827944874763489e-02
1.933554373681545258e-02
-1.526951510459184647e-02
2.418017946183681488e-02
2.966040931642055511e-02
-2.747719408944249153e-03
1.507636858150362968e-03
-2.146521583199501038e-02
3.241312131285667419e-02
-9.672116488218307495e-03
-2.249466627836227417e-02
3.943243622779846191e-02
-2.690432965755462646e-02
1.080689206719398499e-02
2.224632538855075836e-02
-2.587554045021533966e-02
-1.822469010949134827e-02
2.432166226208209991e-02
2.461071126163005829e-02
1.207823213189840317e-02
-2.491396851837635040e-02
-1.159783359616994858e-02
-3.264023363590240479e-02
-1.585064269602298737e-02
-3.367159143090248108e-02
-1.798959635198116302e-02
2.393688075244426727e-02
5.611662287265062332e-03
-2.261360734701156616e-02
-3.729100525379180908e-02
-2.391687780618667603e-02
2.565095946192741394e-02
-2.469909936189651489e-02
-2.610084041953086853e-02
2.798178233206272125e-02
1.842248998582363129e-02
-2.552006579935550690e-02
-2.298693172633647919e-02
-2.630721591413021088e-02
-2.056315541267395020e-02
2.510981820523738861e-02
2.877316996455192566e-02
2.401124127209186554e-02
-2.742609009146690369e-02
2.428824640810489655e-02
1.904895156621932983e-02
2.285793423652648926e-02
-2.194711193442344666e-02
3.209615126252174377e-02
-3.258248046040534973e-02
-6.830723024904727936e-03
-2.954532019793987274e-02
2.796410955488681793e-02
-1.362324412912130356e-02
3.366746008396148682e-02
-2.689136378467082977e-02
-2.831788547337055206e-02
-9.151981212198734283e-03
-1.624664105474948883e-02
2.297352440655231476e-02
-3.063466772437095642e-02
1.936796121299266815e-02
-1.454715710133314133e-02
-3.122898377478122711e-02
2.681850269436836243e-02
2.820356190204620361e-02
