2.918691001832485199e-02
-1.740906573832035065e-02
-2.845235168933868408e-02
2.360949479043483734e-02
-4.055186640471220016e-03
2.040991745889186859e-02
-2.713896147906780243e-02
2.905986644327640533e-02
-1.698170974850654602e-02
-3.776829689741134644e-02
3.510703518986701965e-02
1.180190965533256531e-02
-6.609417963773012161e-03
2.175813168287277222e-02
3.567805141210556030e-02
9.564479812979698181e-03
2.188428305089473724e-02
8.101589046418666840e-03
-2.052156627178192139e-02
2.607677504420280457e-02
5.394219607114791870e-02
2.927190437912940979e-02
1.018504332751035690e-02
2.866534143686294556e-02
4.164100100751966238e-04
1.395700126886367798e-02
-1.322430279105901718e-02
-2.420006692409515381e-02
-2.523011155426502228e-02
-4.706896096467971802e-02
2.035648934543132782e-02
3.107431903481483459e-02
-2.482512779533863068e-02
3.452439233660697937e-02
1.459789462387561798e-02
-1.558080129325389862e-02
-1.835489645600318909e-02
3.433296456933021545e-02
-1.780712418258190155e-02
1.910107582807540894e-02
6.227966770529747009e-02
2.971823886036872864e-02
3.034478519111871719e-03
1.543460041284561157e-02
-2.273295819759368896e-02
2.926146052777767181e-02
1.952951960265636444e-02
9.273552335798740387e-03
-2.421910688281059265e-02
-3.465997427701950073e-02
-3.602447360754013062e-02
-2.134958840906620026e-02
3.052057698369026184e-02
3.122439049184322357e-02
3.244286030530929565e-02
-1.060281135141849518e-02
2.848524227738380432e-02
2.351066656410694122e-02
2.474346011877059937e-02
-2.627643197774887085e-02
4.799645766615867615e-02
3.746658563613891602e-02
2.126749046146869659e-02
-2.994183078408241272e-02
-5.522341001778841019e-03
-2.867959067225456238e-02
