1.041171625256538391e-01
-2.466191910207271576e-02
-2.146824076771736145e-02
3.106154873967170715e-02
3.290534019470214844e-02
-2.400644682347774506e-02
2.270951494574546814e-02
-2.684372290968894958e-02
2.553148940205574036e-02
2.805910818278789520e-02
-1.889796368777751923e-02
-2.530783042311668396e-02
-2.745550498366355896e-02
2.808993868529796600e-02
2.406879141926765442e-02
-2.389804646372795105e-02
2.922243624925613403e-02
-3.715357184410095215e-02
2.130929566919803619e-02
-2.760724164545536041e-02
1.859671249985694885e-02
3.303715586662292480e-02
2.396419458091259003e-02
2.185340411961078644e-02
6.464064063038676977e-05
2.381624840199947357e-02
-2.464254945516586304e-02
-3.034527599811553955e-02
2.815073542296886444e-02
-2.591217635199427605e-03
-1.779975183308124542e-02
2.623815461993217468e-02
3.025321848690509796e-02
2.444004081189632416e-02
2.337472513318061829e-02
1.970566622912883759e-02
-3.410481289029121399e-02
1.390335243195295334e-02
4.333924874663352966e-02
2.586869709193706512e-02
2.459805831313133240e-02
3.008620440959930420e-02
2.407127618789672852e-02
2.279143966734409332e-02
2.529863826930522919e-02
2.613306418061256409e-02
-1.984000205993652344e-02
-1.773815415799617767e-02
2.878534235060214996e-02
-3.336002305150032043e-02
1.265800744295120239e-02
3.568807616829872131e-02
3.222022205591201782e-02
-4.525681585073471069e-02
-3.019800409674644470e-02
-4.609065130352973938e-03
3.749258816242218018e-02
-1.172543689608573914e-02
2.695212326943874359e-02
-1.810344681143760681e-02
-7.825988344848155975e-03
-1.305933948606252670e-02
3.346947580575942993e-02
1.707112044095993042e-02
2.569357492029666901e-02
-4.921727348119020462e-03
-2.261807583272457123e-02
3.354460373520851135e-02
-3.114082477986812592e-02
1.449414435774087906e-02
3.056177310645580292e-02
2.109248749911785126e-02
2.186566404998302460e-02
2.296919189393520355e-02
1.538933906704187393e-02
-2.552331052720546722e-02
-3.144717589020729065e-02
-2.525729313492774963e-02
-3.961744159460067749e-02
3.015475533902645111e-02
1.980439014732837677e-02
-3.677337989211082458e-02
2.465121820569038391e-02
2.999137155711650848e-02
1.813367195427417755e-02
-2.925379946827888489e-02
3.129122778773307800e-02
2.717867679893970490e-02
-2.912197448313236237e-02
3.674516454339027405e-02
3.169827535748481750e-02
2.906701155006885529e-02
3.709759935736656189e-02
1.592254079878330231e-02
1.396595686674118042e-02
2.472266554832458496e-02
2.317312173545360565e-02
2.365853264927864075e-02
3.744582831859588623e-02
2.812448516488075256e-02
-1.824149861931800842e-02
-2.955157868564128876e-02
3.088380396366119385e-02
3.017830476164817810e-02
2.879974059760570526e-02
-2.808097749948501587e-02
-1.302712410688400269e-02
-3.158629313111305237e-02
4.208611324429512024e-02
-4.742412641644477844e-02
-2.113207429647445679e-02
