-2.209313772618770599e-02
1.483216043561697006e-02
-3.021543659269809723e-02
-2.593838237226009369e-02
4.370010923594236374e-03
3.600966185331344604e-02
-8.416102267801761627e-03
-3.280363231897354126e-02
-7.511262781918048859e-03
-2.444774284958839417e-02
-2.683635801076889038e-02
2.713537588715553284e-02
2.608723565936088562e-02
3.064702264964580536e-02
-2.774080634117126465e-02
2.480838634073734283e-02
1.961491070687770844e-02
2.927527949213981628e-02
-2.087669447064399719e-02
3.731379285454750061e-02
3.185951709747314453e-02
2.290789224207401276e-02
2.445400878787040710e-02
-2.837966755032539368e-02
2.513655647635459900e-02
2.456413023173809052e-02
-1.857864670455455780e-02
1.083522848784923553e-02
4.020500928163528442e-03
2.857724390923976898e-02
3.740355372428894043e-02
-2.734042890369892120e-02
1.799693796783685684e-03
2.479110471904277802e-02
-2.253955788910388947e-02
2.414780482649803162e-02
-2.331873401999473572e-02
2.332841977477073669e-02
-2.395222522318363190e-02
2.969790436327457428e-02
-2.535129152238368988e-02
2.673476003110408783e-02
2.347316220402717590e-02
2.969223074615001678e-02
1.364293694496154785e-02
-7.652692496776580811e-03
-2.502540871500968933e-02
2.456125989556312561e-02
3.325502201914787292e-02
-2.863671071827411652e-02
1.982366479933261871e-02
-1.942917145788669586e-02
2.801703289151191711e-02
2.617347426712512970e-02
1.861001364886760712e-02
2.831333689391613007e-02
1.496829278767108917e-02
-2.798232808709144592e-02
2.218312397599220276e-02
2.629145979881286621e-02
2.887608669698238373e-02
2.929056435823440552e-02
2.680934034287929535e-02
-1.250658184289932251e-02
2.592970617115497589e-02
-2.010341361165046692e-02
2.595886215567588806e-02
-3.143859282135963440e-02
-2.933587878942489624e-02
2.591048181056976318e-02
-2.730653807520866394e-02
-7.673508953303098679e-03
-2.722631208598613739e-02
-2.684033289551734924e-02
2.461641654372215271e-02
-2.811080403625965118e-02
-2.683546766638755798e-02
7.130355224944651127e-04
2.088827639818191528e-02
-2.705794014036655426e-02
3.006831184029579163e-02
3.250350803136825562e-02
2.422507107257843018e-02
-2.198696602135896683e-03
6.819819100201129913e-03
-3.052667528390884399e-02
-3.072511637583374977e-03
-1.141786295920610428e-02
2.699784934520721436e-02
-2.597238682210445404e-02
2.319902181625366211e-02
2.799821645021438599e-02
1.430536969564855099e-03
-2.829313091933727264e-02
2.873899601399898529e-02
-2.765357866883277893e-02
-2.299661934375762939e-02
-1.975676231086254120e-02
2.409946173429489136e-02
