-8.764240890741348267e-03
3.489486128091812134e-02
3.085576370358467102e-02
-1.583829149603843689e-02
2.370504476130008698e-02
-2.069149725139141083e-02
1.742641814053058624e-02
-4.055223241448402405e-02
2.801390923559665680e-02
7.740149274468421936e-03
-1.018246263265609741e-02
4.096858575940132141e-02
3.811033815145492554e-02
-2.026537060737609863e-02
2.989265136420726776e-02
-2.356692962348461151e-02
-3.436268493533134460e-02
-1.527218613773584366e-02
1.819087564945220947e-02
-4.213054664433002472e-03
1.284271199256181717e-02
1.592984423041343689e-02
1.848613843321800232e-02
2.447223523631691933e-03
4.132635518908500671e-02
-3.171935304999351501e-02
2.329376339912414551e-02
-3.213595226407051086e-02
-3.659762069582939148e-02
-3.296774625778198242e-02
-1.469892449676990509e-02
-9.643063880503177643e-03
3.215885907411575317e-02
1.528487913310527802e-02
-9.073819965124130249e-03
-3.435496985912322998e-02
-2.740436047315597534e-02
2.933314628899097443e-02
2.592774108052253723e-03
-2.917227521538734436e-02
3.841058816760778427e-03
2.667630836367607117e-02
-2.638730593025684357e-02
-2.022135071456432343e-02
-2.433867938816547394e-02
-3.881427692249417305e-03
3.033343143761157990e-02
-2.372545376420021057e-02
4.002703353762626648e-02
-3.561416640877723694e-02
1.305292453616857529e-02
2.880389988422393799e-02
-5.078436806797981262e-03
-9.190319105982780457e-03
3.576439246535301208e-02
-2.214841917157173157e-02
-1.321784872561693192e-02
2.147294953465461731e-02
-2.097460813820362091e-02
-6.418457720428705215e-03
1.865424332208931446e-03
-2.451422065496444702e-02
3.442772477865219116e-02
3.057648241519927979e-02
-2.353464812040328979e-02
-2.786376886069774628e-02
