0.000000000000000000e+00
8.121264574561482485e-05
1.626814434528429108e-04
2.657247475794300069e-04
3.692696486334515605e-04
6.459653577179642718e-04
9.241074344135743069e-04
1.260091523371048182e-03
1.594372198529212751e-03
1.984127311108712169e-03
2.365382890309257382e-03
2.822293661565848568e-03
3.232824161438456814e-03
3.677091312782982194e-03
4.103589799529051840e-03
4.557232069337328016e-03
4.962490675229588345e-03
5.133370850341410947e-03
5.336823111945060080e-03
5.509507131410322153e-03
5.673561862798636064e-03
5.835190579462682346e-03
5.974326231353026435e-03
6.149187134677219432e-03
6.327002083845571084e-03
6.470783802079643071e-03
6.574659294589402410e-03
6.673105550129802312e-03
6.773206086073574848e-03
6.896475698097172952e-03
6.976811666167893715e-03
6.860458048624654484e-03
6.798441993298886404e-03
6.791859472110280474e-03
6.803678512164745146e-03
6.906748545487129305e-03
6.587615910916288370e-03
6.359142658970122312e-03
6.407702976841290511e-03
6.299254916315753967e-03
6.248055176291813367e-03
5.810920535102162901e-03
4.784205633190434688e-03
3.657364508846387956e-03
2.643058407464391000e-03
1.857586207556030785e-03
1.378212792454104911e-03
9.996573364694850191e-04
6.961104455121428034e-04
4.746645284003959422e-04
3.009467791479478898e-04
1.698744576492057295e-04
7.263302918670012909e-05
1.854654035711313816e-05
0.000000000000000000e+00
0.000000000000000000e+00
0.000000000000000000e+00
0.000000000000000000e+00
1.514251738866870993e-03
1.600498781199765144e-03
1.655436702914171677e-03
1.689276666499688311e-03
1.719404376599998263e-03
1.736184611486597026e-03
1.752018620433530441e-03
1.759315856531939136e-03
1.762810636252482412e-03
1.763133035354563956e-03
1.758710974503573240e-03
1.744038844498785844e-03
1.722604195875225954e-03
1.699052121475347951e-03
1.668602238447058038e-03
1.634931801672275713e-03
1.593741772723980803e-03
1.550502721582833893e-03
1.499090337722210238e-03
1.444674055498558832e-03
1.386844417056188120e-03
1.326140366643045526e-03
1.263189951629895176e-03
1.198081175490208015e-03
1.135217144598368215e-03
1.073653903500495924e-03
1.012142218773371110e-03
9.506003222283662896e-04
8.954454017634246423e-04
8.382270583260183682e-04
7.835609501293711076e-04
7.294959618638804629e-04
6.786141186216563528e-04
6.251024862030198949e-04
5.719727612762224179e-04
5.196478478067019383e-04
4.718687429704624043e-04
4.235621150115402708e-04
3.758077066873633334e-04
3.292342234539414659e-04
2.851825799098521618e-04
2.452287588612148106e-04
2.087605726583764752e-04
1.752371361745328209e-04
1.453029252684372391e-04
1.181603681115231500e-04
9.583130128611496432e-05
7.647611722379754064e-05
6.181174371137572226e-05
4.944422188155468386e-05
4.014253671442143085e-05
3.184257927991096336e-05
2.481210520941110463e-05
1.796652116183708524e-05
1.141733021723487267e-05
6.026654730814777234e-06
1.543310013844489428e-07
1.960679130519944424e-06
3.229237346418994086e-05
6.099556311986414876e-05
8.878293391863257818e-05
1.156704151820685977e-04
1.417243720712551267e-04
1.663580726668599107e-04
1.892569128104300584e-04
2.095789365707154096e-04
2.281557288966365026e-04
2.450365918013659586e-04
2.601205803878399165e-04
2.730551926484618198e-04
2.838240501016608963e-04
2.926143991563218876e-04
2.987316562413864238e-04
3.032874788468154555e-04
3.059088444370864713e-04
3.057622942471049303e-04
3.033919408987682093e-04
2.982920918629071699e-04
2.909427193893799691e-04
2.826087041154262854e-04
2.724082200011012376e-04
2.614707080097012433e-04
2.495227120677335131e-04
2.368310845850921955e-04
2.260422697153213138e-04
2.149882187731329329e-04
2.040369260817089274e-04
1.957018536699842593e-04
1.892811084123230023e-04
1.838879092377201452e-04
1.791008061894232056e-04
1.759108894911487746e-04
1.743819955739318167e-04
1.731276059605601288e-04
1.672843696424988400e-04
1.482002161190503332e-04
1.162858346823025796e-04
8.298046879512997536e-05
5.827803310099217570e-05
3.992251047723580125e-05
2.570109127858841028e-05
1.471875646326114338e-05
3.252457009249540563e-06
