-1.216332428157329559e-02
2.417058125138282776e-02
-2.014398202300071716e-02
-3.498543426394462585e-02
-2.178332582116127014e-02
4.577238485217094421e-02
-1.931278221309185028e-02
-2.734441496431827545e-02
1.314188912510871887e-02
-2.084182575345039368e-02
-3.485500812530517578e-02
3.174105286598205566e-02
2.553935721516609192e-02
2.062794007360935211e-02
-2.814123034477233887e-02
-8.075504563748836517e-03
3.765144944190979004e-02
2.898751571774482727e-02
-2.937019243836402893e-02
4.624982550740242004e-02
2.942532859742641449e-02
3.122367523610591888e-02
2.157203480601310730e-02
-4.022977873682975769e-02
2.807274088263511658e-02
2.611216157674789429e-02
-1.123669650405645370e-02
1.801017113029956818e-02
-1.107105519622564316e-02
4.157622158527374268e-02
2.610791288316249847e-02
-2.092671953141689301e-02
-5.806053988635540009e-03
1.595160108990967274e-03
-2.301982603967189789e-02
1.871988363564014435e-02
-2.118783630430698395e-02
2.757310867309570312e-02
-2.649014070630073547e-02
3.136292845010757446e-02
-2.120948769152164459e-02
2.265647985041141510e-02
2.404801174998283386e-02
2.645950950682163239e-02
1.857537217438220978e-02
-2.301966771483421326e-02
-2.862053550779819489e-02
2.577225118875503540e-02
3.280237689614295959e-02
-3.151906654238700867e-02
-9.760484099388122559e-03
-2.062874101102352142e-02
2.188956178724765778e-02
1.550792437046766281e-02
2.541686967015266418e-02
3.029390610754489899e-02
1.842975430190563202e-02
-2.173363789916038513e-02
3.073652740567922592e-03
1.957318745553493500e-02
2.846347726881504059e-02
3.079665824770927429e-02
-1.081976760178804398e-02
3.938852809369564056e-03
4.165983945131301880e-02
-2.154448302462697029e-03
-3.808385226875543594e-03
-2.164856158196926117e-02
-2.743291296064853668e-02
1.116590388119220734e-02
-3.162224218249320984e-02
1.051546353846788406e-02
-2.617244049906730652e-02
-2.592725865542888641e-02
3.079312294721603394e-02
-3.020694479346275330e-02
-6.771093700081110001e-03
-9.835315868258476257e-03
2.042081393301486969e-02
-2.239911630749702454e-02
2.985360659658908844e-02
3.448594734072685242e-02
3.226386383175849915e-02
-4.031025618314743042e-02
2.040911465883255005e-02
-2.688617072999477386e-02
-2.983215264976024628e-03
1.929822750389575958e-02
2.378521673381328583e-02
-2.780165709555149078e-02
-1.496797776781022549e-03
3.286768868565559387e-02
8.226303616538643837e-04
-8.749066852033138275e-03
2.102194540202617645e-02
-2.901961095631122589e-02
-2.406782098114490509e-02
1.419784873723983765e-02
-1.989968307316303253e-02
