3.791130334138870239e-02
4.352160263806581497e-03
1.179207712411880493e-01
-1.742666512727737427e-01
-8.040098100900650024e-02
-1.752606928348541260e-01
2.199349179863929749e-02
-1.603209413588047028e-02
1.210227534174919128e-01
1.836709678173065186e-01
-7.202256470918655396e-02
2.987191975116729736e-01
-5.866985768079757690e-02
-1.708134412765502930e-01
-9.131418168544769287e-02
7.311417162418365479e-02
-1.840584278106689453e-01
-5.710884183645248413e-02
-1.505374461412429810e-01
1.380687654018402100e-01
-1.879807002842426300e-02
-9.719727933406829834e-02
2.284833192825317383e-01
-1.550669968128204346e-01
2.370270490646362305e-01
-8.109746873378753662e-02
2.023921608924865723e-01
2.138076126575469971e-01
4.357351735234260559e-02
6.109784543514251709e-02
4.778519645333290100e-02
1.338806841522455215e-02
-1.161095499992370605e-01
-7.704433798789978027e-02
-1.244239881634712219e-01
-1.360862106084823608e-01
-1.650149375200271606e-01
-1.659610569477081299e-01
-2.777430787682533264e-02
-9.315735101699829102e-02
3.001232631504535675e-02
1.987660303711891174e-02
4.527343809604644775e-02
-1.232337281107902527e-01
2.541890181601047516e-02
-3.027881681919097900e-02
-1.066006571054458618e-01
-1.756418310105800629e-02
1.023752465844154358e-01
1.170028746128082275e-02
-1.271989047527313232e-01
2.995946705341339111e-01
-7.608908414840698242e-02
1.241397634148597717e-01
-3.640044108033180237e-02
6.511610001325607300e-03
-9.326824545860290527e-02
5.897547677159309387e-02
7.666002959012985229e-02
-2.309332229197025299e-02
1.191830113530158997e-01
5.936139076948165894e-02
1.084702610969543457e-01
-3.573691099882125854e-02
-1.411748677492141724e-01
1.549816504120826721e-02
-5.489830300211906433e-02
-1.358033567667007446e-01
1.428630650043487549e-01
2.631347067654132843e-02
1.146450340747833252e-01
5.976516753435134888e-02
4.308959096670150757e-02
1.484223306179046631e-01
1.092161796987056732e-02
4.305816814303398132e-02
-1.439670324325561523e-01
-1.041528880596160889e-01
1.175594702363014221e-01
1.594001948833465576e-01
-1.492403596639633179e-01
1.321099046617746353e-02
-2.496538497507572174e-02
-1.023025214672088623e-01
-1.141233593225479126e-01
8.214748650789260864e-02
1.398390233516693115e-01
1.213421970605850220e-01
5.720327422022819519e-02
-6.418498605489730835e-02
8.485578000545501709e-02
-3.213377669453620911e-02
-2.151182740926742554e-01
-6.803971529006958008e-02
3.262319043278694153e-02
-1.061182171106338501e-01
-6.624442338943481445e-02
3.383486298844218254e-03
-8.545387536287307739e-02
1.027345806360244751e-01
-1.307628452777862549e-01
1.118418872356414795e-01
1.233447939157485962e-01
1.347316950559616089e-01
-4.041123390197753906e-02
-6.486695259809494019e-02
-6.633477658033370972e-02
-7.165690511465072632e-02
1.716716960072517395e-02
-2.398119866847991943e-02
-2.551841735839843750e-02
-2.725780606269836426e-01
8.621361851692199707e-02
8.089046180248260498e-02
-1.393286436796188354e-01
1.230728030204772949e-01
4.832696542143821716e-02
-2.730638906359672546e-02
-2.229965478181838989e-02
-8.319190889596939087e-02
4.900537058711051941e-02
5.202000588178634644e-02
-3.094213083386421204e-02
2.180921286344528198e-02
6.808694452047348022e-02
-1.944146752357482910e-01
3.100479207932949066e-02
-1.108807623386383057e-01
-1.464237719774246216e-01
-4.247184470295906067e-02
-5.329430103302001953e-02
4.402440413832664490e-02
-1.161825936287641525e-02
-6.291155517101287842e-02
-1.374210566282272339e-01
-8.671754971146583557e-03
-1.587851494550704956e-01
7.687628269195556641e-02
-1.064842492341995239e-01
3.057498671114444733e-02
2.780870497226715088e-01
3.506091237068176270e-01
-1.392960548400878906e-01
1.995291560888290405e-01
-1.786742731928825378e-02
1.175430491566658020e-01
-8.103822171688079834e-02
5.114807933568954468e-02
3.742753341794013977e-02
-9.434890747070312500e-02
1.884015202522277832e-01
-2.180736362934112549e-01
5.016604810953140259e-02
1.135055348277091980e-01
1.181914806365966797e-01
-5.400302633643150330e-02
3.149238228797912598e-01
-2.067443728446960449e-02
-8.084144443273544312e-02
-1.229102686047554016e-01
6.511841900646686554e-03
