-8.181567490100860596e-02
-6.422813236713409424e-02
-1.346450448036193848e-01
-8.178517222404479980e-02
-1.338410377502441406e-01
-1.257228851318359375e-01
-1.456223428249359131e-01
2.611103653907775879e-01
-3.167665302753448486e-01
2.001927467063069344e-03
-1.272032856941223145e-01
-3.643384948372840881e-02
-1.911007016897201538e-01
-6.526443362236022949e-02
2.292020013555884361e-03
-6.274810526520013809e-03
-9.546691924333572388e-02
1.431686338037252426e-02
-1.254770308732986450e-01
-1.945893764495849609e-01
-8.074469119310379028e-02
-5.048194900155067444e-02
-1.407707035541534424e-01
-1.233506854623556137e-02
-7.234590500593185425e-02
8.327640593051910400e-02
-1.192442178726196289e-01
-1.149952784180641174e-01
2.998047508299350739e-02
-8.104518055915832520e-03
-1.726238639093935490e-03
-8.588203787803649902e-02
-1.515916734933853149e-01
-5.276337638497352600e-02
-1.001809388399124146e-01
-9.908537566661834717e-02
-2.399751245975494385e-01
1.002501994371414185e-01
-2.838130109012126923e-02
-1.810405589640140533e-02
9.653955698013305664e-02
-2.019294202327728271e-01
-7.818245887756347656e-02
-1.315243309363722801e-03
4.208350181579589844e-02
-4.515169560909271240e-02
-1.922787427902221680e-01
-1.020998209714889526e-01
-4.765843972563743591e-02
7.421345263719558716e-02
4.787114635109901428e-02
-1.961631774902343750e-01
5.711828917264938354e-02
-2.304998487234115601e-01
-1.457588225603103638e-01
-4.798903688788414001e-02
1.122054457664489746e-01
9.962200373411178589e-02
-2.436166405677795410e-01
-8.286208659410476685e-02
-1.075242646038532257e-02
2.464852482080459595e-01
-9.575878828763961792e-02
-2.377793490886688232e-01
1.285387277603149414e-01
-1.352510899305343628e-01
3.027278743684291840e-02
-6.280818022787570953e-03
-1.061482429504394531e-01
2.153265103697776794e-02
-2.888522148132324219e-01
-1.686687618494033813e-01
-1.477887928485870361e-01
2.956929802894592285e-02
2.406364679336547852e-01
2.690638899803161621e-01
-1.302920579910278320e-01
-3.731689974665641785e-02
4.576157033443450928e-02
-7.819262146949768066e-02
-2.112161666154861450e-01
1.821545958518981934e-01
2.799904644489288330e-01
-1.721038371324539185e-01
-4.055416956543922424e-02
6.195162236690521240e-02
7.995937764644622803e-02
-2.813052535057067871e-01
-1.082734614610671997e-01
5.045710131525993347e-02
1.054536104202270508e-01
1.854059696197509766e-01
-1.461264938116073608e-01
1.940066181123256683e-02
-1.194427683949470520e-01
-1.853969693183898926e-01
-4.498963430523872375e-02
-1.172638759016990662e-01
-3.193855658173561096e-02
-9.641234576702117920e-02
-2.543309330940246582e-01
4.232177510857582092e-02
-6.423696130514144897e-02
2.498966306447982788e-01
-1.291547566652297974e-01
1.703968197107315063e-01
-1.722821779549121857e-02
4.110557734966278076e-01
-9.732965379953384399e-02
6.981113553047180176e-02
1.199654117226600647e-01
1.049295440316200256e-01
-7.192417234182357788e-02
1.970606669783592224e-02
-1.885518059134483337e-02
9.392925351858139038e-02
-1.967296451330184937e-01
-1.495609879493713379e-01
-1.777850389480590820e-01
1.448132395744323730e-01
-3.355511650443077087e-02
-4.425249248743057251e-02
3.844149410724639893e-02
-9.818060696125030518e-02
4.586579650640487671e-02
-1.520833969116210938e-01
3.343180194497108459e-02
-1.493669450283050537e-01
8.778840303421020508e-02
-1.941205561161041260e-01
-5.891467258334159851e-02
2.641808390617370605e-01
5.346174538135528564e-02
-4.185118153691291809e-02
2.107536979019641876e-02
-1.933774352073669434e-01
-9.068027138710021973e-02
2.128590457141399384e-02
-8.169193565845489502e-02
-6.531672179698944092e-02
2.625016123056411743e-02
-8.737958967685699463e-02
2.390992268919944763e-02
-4.107054695487022400e-02
1.059263050556182861e-01
1.865137368440628052e-01
3.318171575665473938e-02
1.251504421234130859e-01
-2.068805694580078125e-01
2.724978327751159668e-01
-3.940227255225181580e-02
-1.091041266918182373e-01
4.373801127076148987e-02
-6.224640458822250366e-02
-5.609256401658058167e-02
4.237160459160804749e-02
1.848196424543857574e-02
-4.427418112754821777e-03
-9.330189786851406097e-03
-1.178734898567199707e-01
9.296059608459472656e-02
