-2.301251329481601715e-02
-3.763354197144508362e-02
7.763405796140432358e-03
-2.742785401642322540e-02
-1.036654412746429443e-02
2.334882505238056183e-02
1.779014803469181061e-02
-3.603720664978027344e-02
-3.260157257318496704e-02
2.507759630680084229e-02
2.710085362195968628e-02
3.046455979347229004e-02
-2.465195953845977783e-02
2.336700260639190674e-02
-3.761570155620574951e-02
-2.357479557394981384e-02
3.343728557229042053e-02
-2.870148792862892151e-02
3.338026627898216248e-02
2.647728472948074341e-02
-3.519736975431442261e-02
3.484462946653366089e-02
-2.390151098370552063e-02
-2.220208942890167236e-02
-1.897415146231651306e-02
2.775950729846954346e-02
-2.324257232248783112e-02
3.382055088877677917e-02
-3.360153362154960632e-02
-3.625862672924995422e-02
2.501822635531425476e-02
3.088027238845825195e-03
2.327227778732776642e-02
-2.543990872800350189e-02
-2.624093368649482727e-02
-2.803309634327888489e-02
7.798327715136110783e-04
3.130473569035530090e-02
2.972888760268688202e-02
2.467661537230014801e-02
-1.542638801038265228e-02
2.351721562445163727e-02
-2.937890775501728058e-02
-2.895133011043071747e-02
2.779792994260787964e-02
2.943653427064418793e-02
2.660173550248146057e-02
-1.125254854559898376e-02
-2.543017081916332245e-02
-2.455607801675796509e-02
2.281196042895317078e-02
1.934326812624931335e-02
-2.834546752274036407e-02
5.219947546720504761e-02
2.924240834545344114e-04
-3.105013817548751831e-02
2.456614375114440918e-02
-3.216992830857634544e-03
1.571742817759513855e-02
2.156445942819118500e-02
2.310667373239994049e-02
-4.201914183795452118e-03
-2.185434661805629730e-02
-2.770659327507019043e-02
3.180956095457077026e-02
-2.211603149771690369e-02
3.332970291376113892e-02
-3.551824763417243958e-02
4.900423064827919006e-02
-2.044705301523208618e-02
-1.515604276210069656e-02
-2.255532890558242798e-02
2.216728776693344116e-02
-2.136878855526447296e-02
-3.311843797564506531e-02
2.696981839835643768e-02
3.059138543903827667e-02
-3.079594485461711884e-02
1.672304060775786638e-04
1.051368005573749542e-02
2.340633794665336609e-02
3.318232297897338867e-02
-2.013374119997024536e-02
3.829476237297058105e-02
2.652329206466674805e-02
3.478953987360000610e-02
2.949452400207519531e-02
1.797609403729438782e-02
-1.529152411967515945e-02
-3.655824437737464905e-02
2.740521356463432312e-02
3.147963061928749084e-02
3.644510358572006226e-02
-2.614319324493408203e-02
-2.394368313252925873e-02
3.000818379223346710e-02
-5.051463842391967773e-02
-2.482582814991474152e-02
1.302096247673034668e-02
-3.743069991469383240e-02
2.383249439299106598e-02
-1.151307113468647003e-02
2.882891148328781128e-02
3.356049582362174988e-02
1.663101837038993835e-02
-2.237302996218204498e-02
2.706282958388328552e-02
-2.232318744063377380e-02
2.502884529531002045e-02
2.791377156972885132e-02
3.664949908852577209e-02
