-9.503827244043350220e-02
-2.064836323261260986e-01
-2.296225875616073608e-01
-1.962246298789978027e-01
-1.915286034345626831e-01
-1.739407926797866821e-01
-1.587353795766830444e-01
-1.483663916587829590e-01
-1.623863726854324341e-01
-1.365742236375808716e-01
-1.709403246641159058e-01
-1.267574578523635864e-01
-1.376745104789733887e-01
-1.044413894414901733e-01
-1.180660203099250793e-01
-8.105771243572235107e-02
-8.237224072217941284e-02
-6.614841520786285400e-02
-7.836526632308959961e-02
-7.958263158798217773e-02
-6.310386955738067627e-02
-6.506033241748809814e-02
-6.861077994108200073e-02
-5.820322781801223755e-02
-7.821218669414520264e-02
-1.005114316940307617e-01
-6.446301937103271484e-02
-8.626821637153625488e-02
-3.354678303003311157e-02
-6.357711553573608398e-02
1.414013840258121490e-02
4.108425602316856384e-02
6.052284687757492065e-02
7.944736629724502563e-02
1.495144069194793701e-01
2.081647515296936035e-01
1.136499270796775818e-01
4.161052405834197998e-02
-7.149214297533035278e-02
1.009189710021018982e-01
9.298126399517059326e-02
7.327005267143249512e-02
2.042793482542037964e-02
3.300959616899490356e-02
1.889710687100887299e-02
3.564645722508430481e-02
6.221741065382957458e-02
6.870899815112352371e-03
2.054595574736595154e-02
-3.128726407885551453e-02
-4.205706715583801270e-02
-4.674287885427474976e-02
-1.028457134962081909e-01
-1.662865728139877319e-01
-1.000297889113426208e-01
-9.451129287481307983e-02
-1.000034734606742859e-01
-9.223400056362152100e-02
3.874415159225463867e-02
4.201383516192436218e-02
2.007305622100830078e-02
7.172907888889312744e-02
4.092840105295181274e-02
8.183888345956802368e-02
7.722015678882598877e-02
8.743389695882797241e-02
1.034086495637893677e-01
8.289595693349838257e-02
8.766707777976989746e-02
8.979650586843490601e-02
1.138122603297233582e-01
1.048510000109672546e-01
8.560104668140411377e-02
9.380850195884704590e-02
9.567004442214965820e-02
1.069729626178741455e-01
1.216799691319465637e-01
1.592621058225631714e-01
1.901978403329849243e-01
1.280850023031234741e-01
1.465614885091781616e-01
1.245347782969474792e-01
1.157591640949249268e-01
1.276024132966995239e-01
1.137139201164245605e-01
9.935995191335678101e-02
1.482488662004470825e-01
1.415816992521286011e-01
1.791574060916900635e-01
4.162595793604850769e-02
1.103140339255332947e-01
7.426576316356658936e-02
8.256148546934127808e-02
1.039802953600883484e-01
1.008872538805007935e-01
1.028756573796272278e-01
5.161002278327941895e-02
6.795227527618408203e-02
3.915806114673614502e-02
7.504761964082717896e-02
-9.556693024933338165e-03
7.869919762015342712e-03
-1.504508126527070999e-02
-9.063143283128738403e-03
-5.773568991571664810e-03
-2.590016275644302368e-02
-5.048599466681480408e-02
2.660265006124973297e-02
-4.190316051244735718e-02
-8.610512316226959229e-02
-5.111780762672424316e-02
-9.109959006309509277e-02
-3.187463805079460144e-02
7.904813438653945923e-02
-7.625789195299148560e-02
-2.186708897352218628e-01
-1.106536388397216797e-01
4.604429472237825394e-03
1.329597365111112595e-02
-5.686060991138219833e-03
-1.565224118530750275e-02
2.013467717915773392e-03
1.719074882566928864e-02
5.679857917129993439e-03
3.977822139859199524e-03
6.017445400357246399e-02
1.062357984483242035e-02
3.894978761672973633e-02
6.011528149247169495e-02
5.071753636002540588e-02
3.806286305189132690e-02
4.680747911334037781e-02
7.845539599657058716e-02
5.190481245517730713e-02
1.098416224122047424e-01
9.881509840488433838e-02
9.776667505502700806e-02
8.431057631969451904e-02
1.116374433040618896e-01
1.141784563660621643e-01
9.363812208175659180e-02
1.579812616109848022e-01
1.576232463121414185e-01
1.902069151401519775e-01
1.931009292602539062e-01
1.418431401252746582e-01
1.607748419046401978e-01
8.396002650260925293e-02
1.012115031480789185e-01
7.760090380907058716e-02
9.562502056360244751e-02
7.849328219890594482e-02
2.207717485725879669e-02
7.617072202265262604e-03
4.113237932324409485e-02
2.951479516923427582e-02
8.360825479030609131e-03
-2.584123983979225159e-02
-1.792666153050959110e-03
-5.463805049657821655e-02
-1.735708862543106079e-01
