-6.669777911156415939e-03
2.474366873502731323e-02
3.622381761670112610e-02
-2.565142884850502014e-02
2.231195382773876190e-02
-2.247007563710212708e-02
2.462219633162021637e-02
-3.306059539318084717e-02
2.366506494581699371e-02
9.902220917865633965e-04
-7.830945774912834167e-03
3.999272361397743225e-02
3.502334654331207275e-02
-1.588051952421665192e-02
3.128457814455032349e-02
-4.317740723490715027e-02
-4.808918759226799011e-02
-4.700256977230310440e-03
-1.539151277393102646e-02
-2.122787944972515106e-02
3.519942052662372589e-03
2.166641689836978912e-02
-2.436133101582527161e-02
1.438167877495288849e-03
5.385688319802284241e-02
-5.009147524833679199e-02
2.654629945755004883e-02
-4.149428009986877441e-02
-3.578745201230049133e-02
-2.489180862903594971e-02
-1.644633896648883820e-02
-1.623750105500221252e-02
4.056224972009658813e-02
9.260284714400768280e-03
-1.067985035479068756e-02
-3.735648468136787415e-02
-2.098264545202255249e-02
2.318335510790348053e-02
1.209411770105361938e-02
-2.710810676217079163e-02
1.424966263584792614e-03
-6.575750652700662613e-03
-2.624943479895591736e-02
-2.095570415258407593e-02
-2.925015985965728760e-02
-1.181984134018421173e-02
2.778877504169940948e-02
-2.392156235873699188e-02
2.530987747013568878e-02
-3.519841283559799194e-02
1.372492033988237381e-02
3.577283397316932678e-02
1.217457931488752365e-03
-3.672984661534428596e-03
2.832838892936706543e-02
-1.900243386626243591e-02
3.475163539405912161e-04
1.781355217099189758e-02
-6.114975083619356155e-03
1.540981349535286427e-03
1.137962681241333485e-03
-2.263087779283523560e-02
4.886173456907272339e-02
3.596273064613342285e-02
-4.049270600080490112e-02
-2.678319625556468964e-02
