-1.648799888789653778e-02
2.947245724499225616e-02
7.631216663867235184e-03
3.515724092721939087e-02
1.909880526363849640e-02
5.366213619709014893e-02
5.482672154903411865e-02
6.407435238361358643e-02
9.054239490069448948e-04
-3.585006669163703918e-02
2.896597236394882202e-02
-2.279848419129848480e-02
7.702525705099105835e-02
-3.801260376349091530e-03
5.878250300884246826e-02
-3.323568403720855713e-02
5.811129137873649597e-02
4.604990407824516296e-02
7.948937267065048218e-02
7.397384196519851685e-02
-1.147404592484235764e-02
1.547271572053432465e-02
