0.000000000000000000e+00
1.175042128238177919e-04
2.348385568585516919e-04
3.643142027262986611e-04
4.961604365421853685e-04
7.958087952119776006e-04
1.107486101659319825e-03
1.394079410924263908e-03
1.689392867274717384e-03
1.950161963970239521e-03
2.235157733654153257e-03
2.521204394121213943e-03
2.790073602324881497e-03
2.978538816899523912e-03
3.261497394045762086e-03
3.552190681452370435e-03
3.878759304967660353e-03
3.997392596527263135e-03
4.185133401495827639e-03
4.330632136515271367e-03
4.503501425372239200e-03
4.698391444404081789e-03
4.865018077052052706e-03
5.072803883140732280e-03
5.335347294122420696e-03
5.636432714473283735e-03
5.910781627749153375e-03
6.298835283832397713e-03
6.745505319694195326e-03
7.266189449963766922e-03
7.679742501187523593e-03
7.715121615021054181e-03
7.768847143228382011e-03
7.935322462339623045e-03
8.205517607179481018e-03
9.095339894761623328e-03
9.026299446653743286e-03
1.005302180375655663e-02
1.120596057140849262e-02
1.032927389539458479e-02
8.992932263192823794e-03
8.675326227167283813e-03
8.018297558033177577e-03
6.424774344939918058e-03
4.679460384209507828e-03
3.372969816702366293e-03
2.596294225831187810e-03
1.937124695066728920e-03
1.426437726664218182e-03
1.019091079901271327e-03
6.882197115692062321e-04
4.134471335466823939e-04
1.938325569996310262e-04
6.196039226057316774e-05
0.000000000000000000e+00
0.000000000000000000e+00
0.000000000000000000e+00
0.000000000000000000e+00
9.380486529780216170e-04
9.495856423007021773e-04
9.463028519103114941e-04
9.319115122774964668e-04
9.179932742765550043e-04
8.891430056314509342e-04
8.694855183990494096e-04
8.509698523171901636e-04
8.404204990402249767e-04
8.339598924432915783e-04
8.322074173939743736e-04
8.311722354207003258e-04
8.370883577696598644e-04
8.496102509663516419e-04
8.629055553298050013e-04
8.777614810965378390e-04
8.964173517347908630e-04
9.218722456701172914e-04
9.449765609350071430e-04
9.633550159760542958e-04
9.799342325564120749e-04
9.948303003701525118e-04
1.007969464710566088e-03
1.015525816801816049e-03
1.019748257964377298e-03
1.025170165616538223e-03
1.024907511326294705e-03
1.022791132859838907e-03
1.026854578707018292e-03
1.021830653215384608e-03
1.011092968340994956e-03
9.948578696056737444e-04
9.745524627174795155e-04
9.394927455288082808e-04
8.965620290017227347e-04
8.473901995085606625e-04
7.983320185340089760e-04
7.351755874716418837e-04
6.688057942046774645e-04
6.018354574100334611e-04
5.361115811974503324e-04
4.746517186701942979e-04
4.178827723752952944e-04
3.642128013713559270e-04
3.114184576292738232e-04
2.587567517869635340e-04
2.118305216644371890e-04
1.689006319867161732e-04
1.358791134505290730e-04
1.070241147714532162e-04
8.408174426310032444e-05
6.407704314924318788e-05
4.868281005427114397e-05
3.619056399546336634e-05
2.456081570728688824e-05
1.435805302185576285e-05
8.846165203281186124e-07
2.862859162490815814e-06
2.921696294632456609e-05
5.459777342984315965e-05
7.812643164454502129e-05
9.930701179463515015e-05
1.190284018412360670e-04
1.365224772663554292e-04
1.518299092843682042e-04
1.633798333636463291e-04
1.733681058109034937e-04
1.826480353653293074e-04
1.906778091046991376e-04
1.949271071046216794e-04
1.981817410064088943e-04
1.993527507814800610e-04
1.996764892396611299e-04
1.988790544701488550e-04
1.983988972343949015e-04
1.965888818060066681e-04
1.938133184703088631e-04
1.912604896009217708e-04
1.897375353492939916e-04
1.895799253781747177e-04
1.887594779389400654e-04
1.887888672520799738e-04
1.877195327273661364e-04
1.833203851404676950e-04
1.822512680246887338e-04
1.767388420173650809e-04
1.733966223937702074e-04
1.716286695172681545e-04
1.733933933492184975e-04
1.828673553569303467e-04
1.915050786095538608e-04
2.055393133083975620e-04
2.260994016999948869e-04
2.458090902456984373e-04
2.565256799567396367e-04
2.426948528181909620e-04
2.038819279917129009e-04
1.474474684341526458e-04
1.090314704775471730e-04
7.847637705657729812e-05
5.405430776366687459e-05
3.483778805652980754e-05
1.259137376645180671e-05
